     0.751      1.605      0.495      0.494      2.288      1.079     -0.466      0.087      1.085     -0.468      0.087      0.994      0.006      1.000   1
     1.511      0.669      0.933      0.009     -0.421      0.840     -0.412      0.076      1.085     -0.468      0.087      0.711      0.289      1.000   2
    -0.063     -0.122      0.017     -0.391     -0.175      0.246     -0.278      0.049      0.237     -0.276      0.049      0.010      0.990      2.000   3
     0.249      0.656      0.000      0.171     -0.212      0.323     -0.295      0.053      0.237     -0.276      0.049      0.101      0.899      2.000   4
     0.559      0.868     -0.930     -0.100      0.151      0.307     -0.292      0.052      0.237     -0.276      0.049      0.083      0.917      2.000   5
    -0.546     -0.361     -0.282     -0.925      0.000      0.239     -0.276      0.049      0.237     -0.276      0.049      0.001      0.999      2.000   6
    -0.702      0.357     -1.303     -0.894     -0.294      0.238     -0.276      0.049      0.237     -0.276      0.049      0.001      0.999      2.000   7
     0.096     -0.409      0.537      0.241      0.142      0.282     -0.286      0.051      0.237     -0.276      0.049      0.053      0.947      2.000   8
     2.392      0.949      0.345     -0.496      2.170      1.080     -0.467      0.087      1.085     -0.468      0.087      0.995      0.005      1.000   9
     0.525     -0.386      0.225     -0.913      0.274      0.258     -0.281      0.050      0.237     -0.276      0.049      0.025      0.975      2.000  10
     0.250      1.282     -0.122      0.110      0.297      0.533     -0.343      0.062      0.237     -0.276      0.049      0.349      0.651      2.000  11
     1.075      0.071     -0.343      0.719     -0.095      0.400     -0.313      0.056      0.237     -0.276      0.049      0.192      0.808      2.000  12
     0.480      0.866      0.468      0.081      0.835      0.801     -0.404      0.074      1.085     -0.468      0.087      0.666      0.334      1.000  13
    -0.339      0.445      0.403     -0.178     -0.296      0.262     -0.282      0.050      0.237     -0.276      0.049      0.029      0.971      2.000  14
     0.131      0.406      0.483      0.213      0.998      0.599     -0.358      0.065      0.237     -0.276      0.049      0.427      0.573      2.000  15
    -0.028      0.550     -0.014      0.521      0.425      0.387     -0.310      0.056      0.237     -0.276      0.049      0.177      0.823      2.000  16
    -0.539      0.709      0.183      0.242      0.395      0.319     -0.295      0.052      0.237     -0.276      0.049      0.096      0.904      2.000  17
     0.390     -1.484     -0.569      0.466      0.171      0.241     -0.277      0.049      0.237     -0.276      0.049      0.004      0.996      2.000  18
     0.919      0.254      0.400      0.762      0.835      0.873     -0.420      0.077      1.085     -0.468      0.087      0.750      0.250      1.000  19
     1.738      0.761     -0.007      1.525      1.789      1.079     -0.467      0.087      1.085     -0.468      0.087      0.994      0.006      1.000  20
     0.249     -0.083      0.540      0.113     -0.129      0.295     -0.289      0.051      0.237     -0.276      0.049      0.068      0.932      2.000  21
     0.382      0.792      0.148      0.683     -0.162      0.490     -0.333      0.060      0.237     -0.276      0.049      0.298      0.702      2.000  22
     0.176      0.170      0.313      0.328     -0.113      0.310     -0.293      0.052      0.237     -0.276      0.049      0.086      0.914      2.000  23
     0.210      0.457      0.217      0.259      0.320      0.405     -0.314      0.056      0.237     -0.276      0.049      0.198      0.802      2.000  24
     0.046      0.155     -0.168      0.060     -0.237      0.256     -0.280      0.050      0.237     -0.276      0.049      0.022      0.978      2.000  25
     0.886     -0.853     -0.114      0.087      0.585      0.289     -0.288      0.051      0.237     -0.276      0.049      0.061      0.939      2.000  26
     0.700      0.196     -0.170      0.399      0.445      0.434     -0.321      0.058      0.237     -0.276      0.049      0.231      0.769      2.000  27
     1.031      0.094     -0.129     -0.233      0.888      0.500     -0.335      0.061      0.237     -0.276      0.049      0.310      0.690      2.000  28
     1.023      0.690     -0.300      0.459      0.799      0.786     -0.400      0.074      1.085     -0.468      0.087      0.647      0.353      1.000  29
    -0.235     -0.014     -1.229     -0.561     -0.220      0.238     -0.276      0.049      0.237     -0.276      0.049      0.001      0.999      2.000  30
    -0.329      0.113      0.439      0.468     -0.594      0.257     -0.281      0.050      0.237     -0.276      0.049      0.024      0.976      2.000  31
     0.367     -0.720      0.156      0.087      0.314      0.264     -0.282      0.050      0.237     -0.276      0.049      0.032      0.968      2.000  32
     0.451      1.068      1.093     -0.263      0.394      0.830     -0.410      0.075      1.085     -0.468      0.087      0.699      0.301      1.000  33
     0.108      0.327     -0.603     -0.040      0.207      0.262     -0.282      0.050      0.237     -0.276      0.049      0.029      0.971      2.000  34
    -0.457     -0.177      0.374      1.209      0.048      0.289     -0.288      0.051      0.237     -0.276      0.049      0.061      0.939      2.000  35
    -0.644      0.273     -0.092     -0.739     -0.412      0.240     -0.277      0.049      0.237     -0.276      0.049      0.003      0.997      2.000  36
     0.571      0.039      0.711     -0.807      0.852      0.434     -0.321      0.058      0.237     -0.276      0.049      0.232      0.768      2.000  37
    -0.373     -0.408     -0.237     -0.304     -0.149      0.240     -0.277      0.049      0.237     -0.276      0.049      0.003      0.997      2.000  38
     0.381      0.135      0.096      0.724      1.794      0.837     -0.412      0.076      1.085     -0.468      0.087      0.707      0.293      1.000  39
    -0.138      0.148     -0.197      0.110      0.481      0.275     -0.285      0.050      0.237     -0.276      0.049      0.045      0.955      2.000  40
    -0.357     -0.489     -1.525     -0.451     -0.420      0.238     -0.276      0.049      0.237     -0.276      0.049      0.000      1.000      2.000  41
     0.360     -1.211     -0.636     -0.033     -0.995      0.238     -0.276      0.049      0.237     -0.276      0.049      0.001      0.999      2.000  42
    -0.307      0.280     -0.112      0.180     -0.005      0.259     -0.281      0.050      0.237     -0.276      0.049      0.025      0.975      2.000  43
     0.478     -0.103      0.104      0.357     -0.018      0.306     -0.292      0.052      0.237     -0.276      0.049      0.081      0.919      2.000  44
     0.347      0.469     -0.417      0.664     -0.976      0.262     -0.282      0.050      0.237     -0.276      0.049      0.029      0.971      2.000  45
     0.789      0.609      0.368      0.287      0.540      0.754     -0.393      0.072      1.085     -0.468      0.087      0.610      0.390      1.000  46
     0.813      1.031      0.383     -0.013     -0.086      0.653     -0.370      0.068      0.237     -0.276      0.049      0.491      0.509      2.000  47
     0.360     -0.832     -1.015     -0.131     -0.079      0.239     -0.277      0.049      0.237     -0.276      0.049      0.002      0.998      2.000  48
     1.945      0.470      1.768      0.567      0.933      1.080     -0.467      0.087      1.085     -0.468      0.087      0.994      0.006      1.000  49
    -0.504     -1.132     -1.224     -0.673     -0.899      0.237     -0.276      0.049      0.237     -0.276      0.049      0.000      1.000      2.000  50
    -0.623      0.930     -1.248      2.267      1.103      0.514     -0.339      0.061      0.237     -0.276      0.049      0.326      0.674      2.000  51
     0.735      2.064      0.791      0.517      0.877      1.072     -0.465      0.086      1.085     -0.468      0.087      0.985      0.015      1.000  52
    -0.097      0.059     -2.214      2.213      0.038      0.249     -0.279      0.049      0.237     -0.276      0.049      0.013      0.987      2.000  53
     0.711      0.346     -0.071     -0.163     -1.294      0.253     -0.280      0.049      0.237     -0.276      0.049      0.018      0.982      2.000  54
     1.392      0.665     -0.893      1.590     -2.576      0.267     -0.283      0.050      0.237     -0.276      0.049      0.034      0.966      2.000  55
     0.691      2.107     -1.114      1.761      0.294      0.984     -0.445      0.082      1.085     -0.468      0.087      0.881      0.119      1.000  56
    -0.246      0.060     -0.753      1.636     -0.091      0.267     -0.283      0.050      0.237     -0.276      0.049      0.035      0.965      2.000  57
    -0.552     -0.421      0.902     -0.719     -1.004      0.239     -0.277      0.049      0.237     -0.276      0.049      0.002      0.998      2.000  58
     1.003      1.296      1.549     -0.315      0.619      1.049     -0.460      0.085      1.085     -0.468      0.087      0.958      0.042      1.000  59
     0.246     -0.566     -1.476      0.265     -0.221      0.239     -0.277      0.049      0.237     -0.276      0.049      0.002      0.998      2.000  60
     0.297     -0.843     -0.102      0.709     -0.879      0.242     -0.277      0.049      0.237     -0.276      0.049      0.006      0.994      2.000  61
    -0.276     -0.197     -0.643      0.127     -1.010      0.238     -0.276      0.049      0.237     -0.276      0.049      0.001      0.999      2.000  62
     0.705      1.129      0.539      1.434      0.881      1.053     -0.461      0.086      1.085     -0.468      0.087      0.963      0.037      1.000  63
     0.112      0.493      0.613     -0.032      0.420      0.445     -0.323      0.058      0.237     -0.276      0.049      0.246      0.754      2.000  64
     0.331      0.751      0.526      0.887      0.673      0.856     -0.416      0.077      1.085     -0.468      0.087      0.730      0.270      1.000  65
    -0.457      0.275      0.808      0.429     -1.015      0.256     -0.280      0.050      0.237     -0.276      0.049      0.022      0.978      2.000  66
     0.567      0.930     -0.099     -0.521     -0.018      0.356     -0.303      0.054      0.237     -0.276      0.049      0.140      0.860      2.000  67
    -0.364     -0.130     -0.730     -0.079     -0.209      0.240     -0.277      0.049      0.237     -0.276      0.049      0.003      0.997      2.000  68
     0.384      1.463     -0.236      0.451      0.182      0.656     -0.371      0.068      0.237     -0.276      0.049      0.495      0.505      2.000  69
     1.982      0.043      0.584      0.286      0.544      0.974     -0.443      0.082      1.085     -0.468      0.087      0.869      0.131      1.000  70
    -0.300      0.359      0.487     -0.584      0.537      0.290     -0.288      0.051      0.237     -0.276      0.049      0.062      0.938      2.000  71
     0.368     -0.300      0.257      0.199     -0.518      0.259     -0.281      0.050      0.237     -0.276      0.049      0.025      0.975      2.000  72
     1.056      0.220      0.089      0.491      0.246      0.588     -0.355      0.065      0.237     -0.276      0.049      0.414      0.586      2.000  73
     0.078      1.046      0.432      0.925      0.941      0.911     -0.429      0.079      1.085     -0.468      0.087      0.796      0.204      1.000  74
     0.052     -0.204     -0.837     -0.761     -0.314      0.239     -0.276      0.049      0.237     -0.276      0.049      0.002      0.998      2.000  75
    -0.416      0.942     -0.849      1.516     -0.132      0.305     -0.291      0.052      0.237     -0.276      0.049      0.080      0.920      2.000  76
    -0.019     -0.343     -0.131     -0.433     -0.235      0.242     -0.277      0.049      0.237     -0.276      0.049      0.005      0.995      2.000  77
     0.971     -0.320     -0.371     -0.283      0.206      0.277     -0.285      0.051      0.237     -0.276      0.049      0.046      0.954      2.000  78
     1.222      0.350     -0.478     -0.560     -0.071      0.313     -0.293      0.052      0.237     -0.276      0.049      0.089      0.911      2.000  79
     1.475     -0.528      0.623      0.364      0.007      0.535     -0.343      0.062      0.237     -0.276      0.049      0.351      0.649      2.000  80
     0.764      0.363      1.096      0.572     -0.046      0.765     -0.395      0.073      1.085     -0.468      0.087      0.622      0.378      1.000  81
     1.105      0.480      0.132      0.951     -0.327      0.644     -0.368      0.067      0.237     -0.276      0.049      0.480      0.520      2.000  82
    -0.426      0.722     -0.054      0.416     -0.314      0.270     -0.284      0.050      0.237     -0.276      0.049      0.039      0.961      2.000  83
    -0.619     -0.483     -0.583      0.145     -0.208      0.239     -0.276      0.049      0.237     -0.276      0.049      0.001      0.999      2.000  84
     0.035      1.103      0.664      0.329      0.670      0.791     -0.401      0.074      1.085     -0.468      0.087      0.654      0.346      1.000  85
     0.949      0.649      0.394      1.127      0.241      0.911     -0.428      0.079      1.085     -0.468      0.087      0.795      0.205      1.000  86
     0.296     -0.257      0.559      0.719     -0.731      0.278     -0.285      0.051      0.237     -0.276      0.049      0.048      0.952      2.000  87
     0.436     -0.244      0.724      0.572     -0.153      0.357     -0.303      0.054      0.237     -0.276      0.049      0.142      0.858      2.000  88
     0.358      0.052     -1.103      0.187      0.473      0.260     -0.281      0.050      0.237     -0.276      0.049      0.027      0.973      2.000  89
     0.820      0.449     -0.127      0.753      0.848      0.765     -0.395      0.073      1.085     -0.468      0.087      0.623      0.377      1.000  90
     1.507      0.440      0.103     -0.517     -0.243      0.459     -0.326      0.059      0.237     -0.276      0.049      0.261      0.739      2.000  91
     1.009      0.119     -0.247      0.418     -0.084      0.373     -0.307      0.055      0.237     -0.276      0.049      0.160      0.840      2.000  92
     1.234     -0.492      0.130      0.077     -0.551      0.284     -0.287      0.051      0.237     -0.276      0.049      0.055      0.945      2.000  93
     0.727      0.687      0.338      0.797      0.138      0.748     -0.392      0.072      1.085     -0.468      0.087      0.603      0.397      1.000  94
     1.702     -0.023      0.637     -0.023     -0.534      0.542     -0.345      0.063      0.237     -0.276      0.049      0.360      0.640      2.000  95
     0.715      1.613      1.153      1.320      0.406      1.071     -0.465      0.086      1.085     -0.468      0.087      0.984      0.016      1.000  96
     1.144     -0.041     -1.566      0.281      0.666      0.293     -0.289      0.051      0.237     -0.276      0.049      0.066      0.934      2.000  97
     1.508     -1.725      0.408     -1.474      0.423      0.248     -0.279      0.049      0.237     -0.276      0.049      0.012      0.988      2.000  98
     0.493      0.891      0.485      0.318     -0.438      0.495     -0.334      0.060      0.237     -0.276      0.049      0.304      0.696      2.000  99
     0.709     -0.009     -0.068      0.633     -0.468      0.304     -0.291      0.052      0.237     -0.276      0.049      0.078      0.922      2.000 100
    -0.272      0.142      0.000     -0.767      0.090      0.246     -0.278      0.049      0.237     -0.276      0.049      0.010      0.990      2.000 101
    -0.343     -0.204     -0.231     -0.180     -0.422      0.240     -0.277      0.049      0.237     -0.276      0.049      0.003      0.997      2.000 102
     0.485      0.440     -0.310     -0.482      0.282      0.295     -0.289      0.051      0.237     -0.276      0.049      0.068      0.932      2.000 103
     0.026      0.772     -0.189     -0.962     -1.015      0.242     -0.277      0.049      0.237     -0.276      0.049      0.006      0.994      2.000 104
     0.690     -1.998     -1.167     -0.889     -1.966      0.237     -0.276      0.049      0.237     -0.276      0.049      0.000      1.000      2.000 105
     1.167      0.235     -0.047      0.051     -0.147      0.404     -0.314      0.056      0.237     -0.276      0.049      0.196      0.804      2.000 106
    -0.142     -0.341     -0.189     -0.770      0.549      0.244     -0.278      0.049      0.237     -0.276      0.049      0.008      0.992      2.000 107
     1.265     -0.383      0.508     -0.132      0.313      0.463     -0.327      0.059      0.237     -0.276      0.049      0.266      0.734      2.000 108
     0.201      0.091     -0.253      0.407      0.704      0.340     -0.299      0.053      0.237     -0.276      0.049      0.121      0.879      2.000 109
    -0.217     -0.065     -0.748     -0.298     -0.415      0.239     -0.277      0.049      0.237     -0.276      0.049      0.002      0.998      2.000 110
     0.286      0.437      0.232     -0.503     -0.163      0.283     -0.287      0.051      0.237     -0.276      0.049      0.054      0.946      2.000 111
    -0.452      0.838     -0.058      1.379     -0.987      0.279     -0.286      0.051      0.237     -0.276      0.049      0.049      0.951      2.000 112
     1.494      1.141     -0.326      1.602      1.947      1.080     -0.467      0.087      1.085     -0.468      0.087      0.994      0.006      1.000 113
     1.221      2.735      0.575      0.432      0.531      1.080     -0.467      0.087      1.085     -0.468      0.087      0.995      0.005      1.000 114
    -0.365      1.127      1.394      1.211     -0.460      0.739     -0.389      0.071      1.085     -0.468      0.087      0.592      0.408      1.000 115
     0.154      0.519     -0.155      0.049      0.870      0.411     -0.315      0.057      0.237     -0.276      0.049      0.205      0.795      2.000 116
     0.618     -0.632     -0.498     -0.021     -0.388      0.243     -0.278      0.049      0.237     -0.276      0.049      0.007      0.993      2.000 117
     1.145      0.897      0.010      0.381      0.477      0.867     -0.418      0.077      1.085     -0.468      0.087      0.743      0.257      1.000 118
     1.611      1.005      0.122      0.895     -0.319      0.946     -0.436      0.081      1.085     -0.468      0.087      0.837      0.163      1.000 119
     0.539      1.032     -0.012      1.335     -0.545      0.614     -0.361      0.066      0.237     -0.276      0.049      0.444      0.556      2.000 120
    -0.732      0.420     -0.226     -0.291     -0.386      0.241     -0.277      0.049      0.237     -0.276      0.049      0.004      0.996      2.000 121
     1.853     -0.293     -0.075     -0.293      0.060      0.428     -0.319      0.057      0.237     -0.276      0.049      0.225      0.775      2.000 122
     0.462     -0.442     -0.319      0.748     -0.319      0.259     -0.281      0.050      0.237     -0.276      0.049      0.025      0.975      2.000 123
    -0.575      0.646     -0.013      0.646      0.174      0.298     -0.290      0.052      0.237     -0.276      0.049      0.072      0.928      2.000 124
     1.148      0.642      1.318     -1.548      0.336      0.685     -0.377      0.069      1.085     -0.468      0.087      0.528      0.472      1.000 125
     0.279     -0.107      0.128     -0.686      0.210      0.260     -0.281      0.050      0.237     -0.276      0.049      0.026      0.974      2.000 126
    -0.130      1.421      0.152      0.243      0.270      0.548     -0.346      0.063      0.237     -0.276      0.049      0.367      0.633      2.000 127
    -0.381     -0.017     -0.685     -0.788     -0.314      0.238     -0.276      0.049      0.237     -0.276      0.049      0.001      0.999      2.000 128
     0.208      0.717     -0.850      0.241      0.250      0.294     -0.289      0.051      0.237     -0.276      0.049      0.067      0.933      2.000 129
     0.306      0.503     -0.173     -0.318      0.349      0.312     -0.293      0.052      0.237     -0.276      0.049      0.088      0.912      2.000 130
    -0.059     -0.200     -0.683     -0.492     -0.679      0.239     -0.276      0.049      0.237     -0.276      0.049      0.001      0.999      2.000 131
    -0.070     -0.975      0.605     -0.275     -0.285      0.242     -0.277      0.049      0.237     -0.276      0.049      0.005      0.995      2.000 132
     1.765      1.185     -0.644      1.127     -0.276      0.921     -0.431      0.080      1.085     -0.468      0.087      0.807      0.193      1.000 133
    -0.492     -0.238     -0.100     -0.049      0.352      0.246     -0.278      0.049      0.237     -0.276      0.049      0.010      0.990      2.000 134
    -0.125      0.477     -0.082      0.398      0.398      0.329     -0.297      0.053      0.237     -0.276      0.049      0.108      0.892      2.000 135
    -0.443      1.136     -0.338     -1.063      0.512      0.264     -0.282      0.050      0.237     -0.276      0.049      0.032      0.968      2.000 136
     0.630     -0.123      0.609     -1.372     -0.501      0.251     -0.279      0.049      0.237     -0.276      0.049      0.015      0.985      2.000 137
     0.316      1.162      0.420      0.569      0.208      0.758     -0.394      0.072      1.085     -0.468      0.087      0.615      0.385      1.000 138
     0.105      0.163     -0.141      0.139      0.028      0.272     -0.284      0.050      0.237     -0.276      0.049      0.040      0.960      2.000 139
     0.525     -0.854      1.063     -0.165     -1.018      0.249     -0.279      0.049      0.237     -0.276      0.049      0.013      0.987      2.000 140
    -0.060     -0.003      0.153      0.370      0.440      0.305     -0.292      0.052      0.237     -0.276      0.049      0.080      0.920      2.000 141
    -0.478     -0.142     -0.159     -0.636     -0.125      0.240     -0.277      0.049      0.237     -0.276      0.049      0.003      0.997      2.000 142
    -0.015      0.473      0.350     -0.650      0.779      0.344     -0.300      0.054      0.237     -0.276      0.049      0.126      0.874      2.000 143
     0.851      0.823     -0.226     -0.289      0.312      0.477     -0.330      0.060      0.237     -0.276      0.049      0.282      0.718      2.000 144
     0.495      0.279     -0.126      0.167      0.315      0.356     -0.303      0.054      0.237     -0.276      0.049      0.140      0.860      2.000 145
     0.059     -0.028      0.114     -0.596     -0.738      0.242     -0.277      0.049      0.237     -0.276      0.049      0.006      0.994      2.000 146
    -0.277     -0.217      0.403     -0.670      0.324      0.250     -0.279      0.049      0.237     -0.276      0.049      0.015      0.985      2.000 147
     0.535      0.207      1.022      0.626      0.418      0.760     -0.394      0.072      1.085     -0.468      0.087      0.616      0.384      1.000 148
     0.312     -0.142      0.044      0.258      0.108      0.286     -0.287      0.051      0.237     -0.276      0.049      0.057      0.943      2.000 149
     0.994      0.961      1.477      0.381     -0.130      0.995     -0.447      0.083      1.085     -0.468      0.087      0.894      0.106      1.000 150
    -0.085      0.399     -0.611     -1.477      0.413      0.243     -0.277      0.049      0.237     -0.276      0.049      0.006      0.994      2.000 151
     0.539      1.062      0.617      1.262      0.121      0.946     -0.436      0.081      1.085     -0.468      0.087      0.837      0.163      1.000 152
     0.941      1.259      0.633      0.428      0.483      1.006     -0.450      0.083      1.085     -0.468      0.087      0.907      0.093      1.000 153
     0.629      0.289      0.079      0.481     -0.550      0.323     -0.296      0.053      0.237     -0.276      0.049      0.101      0.899      2.000 154
     0.312      0.370     -0.179     -0.200      0.539      0.326     -0.296      0.053      0.237     -0.276      0.049      0.105      0.895      2.000 155
     1.569      0.602      0.545      0.789      0.646      1.035     -0.457      0.085      1.085     -0.468      0.087      0.942      0.058      1.000 156
     0.549      1.056      0.390      1.098      0.851      1.000     -0.449      0.083      1.085     -0.468      0.087      0.901      0.099      1.000 157
     0.864     -0.582     -0.134      0.407     -0.444      0.263     -0.282      0.050      0.237     -0.276      0.049      0.030      0.970      2.000 158
    -0.507     -1.027     -0.325     -1.269     -0.385      0.238     -0.276      0.049      0.237     -0.276      0.049      0.000      1.000      2.000 159
    -0.664      0.877     -0.430      0.118     -0.812      0.243     -0.277      0.049      0.237     -0.276      0.049      0.007      0.993      2.000 160
     0.421      0.182      0.078     -0.369     -0.511      0.259     -0.281      0.050      0.237     -0.276      0.049      0.026      0.974      2.000 161
     0.295      0.297     -0.028      0.216      0.339      0.348     -0.301      0.054      0.237     -0.276      0.049      0.130      0.870      2.000 162
     0.248     -0.428     -0.923     -0.052     -1.239      0.238     -0.276      0.049      0.237     -0.276      0.049      0.001      0.999      2.000 163
     2.194     -0.289     -1.352     -1.907      0.399      0.256     -0.280      0.050      0.237     -0.276      0.049      0.021      0.979      2.000 164
     0.007      0.572     -0.437      0.040     -0.768      0.248     -0.279      0.049      0.237     -0.276      0.049      0.013      0.987      2.000 165
    -0.638      0.089     -0.664     -0.295     -0.567      0.238     -0.276      0.049      0.237     -0.276      0.049      0.001      0.999      2.000 166
    -0.666     -0.441      0.214     -0.010     -0.569      0.239     -0.277      0.049      0.237     -0.276      0.049      0.002      0.998      2.000 167
     0.195     -0.236     -1.363     -0.596      0.589      0.241     -0.277      0.049      0.237     -0.276      0.049      0.004      0.996      2.000 168
     0.021      0.190     -0.303     -0.218      0.465      0.269     -0.283      0.050      0.237     -0.276      0.049      0.037      0.963      2.000 169
    -1.264      0.510      0.322     -1.609      0.688      0.242     -0.277      0.049      0.237     -0.276      0.049      0.005      0.995      2.000 170
    -0.342      0.564     -0.149      0.189     -1.041      0.244     -0.278      0.049      0.237     -0.276      0.049      0.008      0.992      2.000 171
    -0.067      0.081      0.113      0.084     -0.190      0.259     -0.281      0.050      0.237     -0.276      0.049      0.026      0.974      2.000 172
     1.072     -0.010      0.635     -0.999     -0.740      0.275     -0.285      0.050      0.237     -0.276      0.049      0.044      0.956      2.000 173
     1.655      0.479     -1.192     -1.817     -0.115      0.255     -0.280      0.050      0.237     -0.276      0.049      0.020      0.980      2.000 174
     0.188      0.317      0.622      0.525      0.374      0.517     -0.339      0.061      0.237     -0.276      0.049      0.330      0.670      2.000 175
     0.227     -0.583     -0.479      0.846      0.422      0.267     -0.283      0.050      0.237     -0.276      0.049      0.035      0.965      2.000 176
     0.100      0.217     -0.343      0.377      0.073      0.276     -0.285      0.051      0.237     -0.276      0.049      0.046      0.954      2.000 177
    -1.125      0.821      0.101     -0.326     -0.830      0.240     -0.277      0.049      0.237     -0.276      0.049      0.004      0.996      2.000 178
     1.285      0.290      0.728      0.735      1.345      1.044     -0.459      0.085      1.085     -0.468      0.087      0.952      0.048      1.000 179
    -0.241      0.040     -0.612     -0.344     -0.385      0.240     -0.277      0.049      0.237     -0.276      0.049      0.003      0.997      2.000 180
     0.141      0.895      0.805      0.619      1.265      0.972     -0.442      0.082      1.085     -0.468      0.087      0.868      0.132      1.000 181
     0.822      0.849     -0.822      1.868      0.192      0.761     -0.395      0.072      1.085     -0.468      0.087      0.619      0.381      1.000 182
     0.529      0.507     -0.040     -0.333     -0.853      0.261     -0.282      0.050      0.237     -0.276      0.049      0.028      0.972      2.000 183
    -0.088      0.064     -0.697     -0.307      0.302      0.246     -0.278      0.049      0.237     -0.276      0.049      0.010      0.990      2.000 184
     0.278      0.315      0.035      0.135     -0.242      0.288     -0.288      0.051      0.237     -0.276      0.049      0.060      0.940      2.000 185
     0.093      0.567     -0.996     -0.821     -1.388      0.238     -0.276      0.049      0.237     -0.276      0.049      0.001      0.999      2.000 186
     2.198     -0.742     -0.364     -0.065      1.678      0.829     -0.410      0.075      1.085     -0.468      0.087      0.698      0.302      1.000 187
    -1.066      0.295     -0.486     -0.707     -0.327      0.238     -0.276      0.049      0.237     -0.276      0.049      0.001      0.999      2.000 188
     0.853      0.683     -0.480      0.223     -0.480      0.328     -0.297      0.053      0.237     -0.276      0.049      0.107      0.893      2.000 189
     0.673      0.475      0.294     -1.135     -0.054      0.297     -0.290      0.051      0.237     -0.276      0.049      0.070      0.930      2.000 190
     1.058      0.610      1.247      0.780      0.787      1.049     -0.460      0.085      1.085     -0.468      0.087      0.958      0.042      1.000 191
     1.908      1.783      1.576      1.351      1.707      1.084     -0.468      0.087      1.085     -0.468      0.087      1.000      0.000      1.000 192
    -0.129     -0.505     -0.611      1.352      1.744      0.395     -0.312      0.056      0.237     -0.276      0.049      0.186      0.814      2.000 193
     0.873      0.256      0.800      0.126      0.696      0.797     -0.403      0.074      1.085     -0.468      0.087      0.661      0.339      1.000 194
     1.278      1.792      0.581     -0.946      0.096      0.938     -0.435      0.080      1.085     -0.468      0.087      0.827      0.173      1.000 195
     1.290      0.568      0.008      0.174      0.723      0.836     -0.411      0.076      1.085     -0.468      0.087      0.706      0.294      1.000 196
     0.560     -0.453      0.818     -0.159     -0.306      0.283     -0.286      0.051      0.237     -0.276      0.049      0.054      0.946      2.000 197
     1.146      0.410      0.001      0.410      0.428      0.699     -0.381      0.070      1.085     -0.468      0.087      0.545      0.455      1.000 198
    -0.695     -0.028     -0.285     -2.847     -0.636      0.237     -0.276      0.049      0.237     -0.276      0.049      0.000      1.000      2.000 199
    -0.519      0.507     -0.639     -0.360     -1.439      0.238     -0.276      0.049      0.237     -0.276      0.049      0.001      0.999      2.000 200
     0.607      0.382     -0.131     -0.642      0.445      0.323     -0.296      0.053      0.237     -0.276      0.049      0.102      0.898      2.000 201
     0.183      0.553      0.450     -0.372     -0.528      0.281     -0.286      0.051      0.237     -0.276      0.049      0.051      0.949      2.000 202
     0.021     -0.177     -0.024      0.079      0.281      0.264     -0.282      0.050      0.237     -0.276      0.049      0.032      0.968      2.000 203
    -0.969     -1.123     -0.641     -0.982     -0.644      0.237     -0.276      0.049      0.237     -0.276      0.049      0.000      1.000      2.000 204
    -1.245      0.265     -0.571      0.265      0.039      0.240     -0.277      0.049      0.237     -0.276      0.049      0.003      0.997      2.000 205
    -0.041      0.737     -0.488     -0.509      1.113      0.331     -0.297      0.053      0.237     -0.276      0.049      0.110      0.890      2.000 206
     0.225      0.244      0.035      0.700      0.158      0.364     -0.305      0.055      0.237     -0.276      0.049      0.150      0.850      2.000 207
     0.885     -0.855     -0.959      0.178     -1.074      0.239     -0.277      0.049      0.237     -0.276      0.049      0.002      0.998      2.000 208
    -0.296      0.780     -0.757     -0.502     -0.584      0.241     -0.277      0.049      0.237     -0.276      0.049      0.005      0.995      2.000 209
     0.730      0.184      0.790     -0.184     -0.193      0.407     -0.315      0.056      0.237     -0.276      0.049      0.200      0.800      2.000 210
     0.253      1.899     -0.813      0.181     -0.580      0.360     -0.304      0.054      0.237     -0.276      0.049      0.144      0.856      2.000 211
     2.449      0.718      1.058      1.031      0.292      1.079     -0.466      0.087      1.085     -0.468      0.087      0.993      0.007      1.000 212
    -0.143      0.599     -0.364     -0.345      0.194      0.262     -0.282      0.050      0.237     -0.276      0.049      0.030      0.970      2.000 213
     2.157      0.531      1.653     -0.221      0.769      1.074     -0.465      0.086      1.085     -0.468      0.087      0.987      0.013      1.000 214
    -0.087     -0.587     -0.022      0.534      0.222      0.255     -0.280      0.050      0.237     -0.276      0.049      0.020      0.980      2.000 215
    -0.297      0.097      0.644     -0.174      0.606      0.311     -0.293      0.052      0.237     -0.276      0.049      0.087      0.913      2.000 216
     0.468      0.351     -0.689      0.083     -0.636      0.252     -0.279      0.049      0.237     -0.276      0.049      0.017      0.983      2.000 217
    -0.391      0.933     -0.233      0.158     -1.616      0.242     -0.277      0.049      0.237     -0.276      0.049      0.005      0.995      2.000 218
     0.306      0.441     -2.218     -0.143     -0.842      0.238     -0.276      0.049      0.237     -0.276      0.049      0.001      0.999      2.000 219
     1.328      0.495     -0.585      0.112     -0.501      0.346     -0.301      0.054      0.237     -0.276      0.049      0.128      0.872      2.000 220
     1.364      0.313      1.672     -0.521      0.095      0.897     -0.425      0.079      1.085     -0.468      0.087      0.779      0.221      1.000 221
     0.609      0.752      0.940      2.057      0.585      1.054     -0.461      0.086      1.085     -0.468      0.087      0.964      0.036      1.000 222
     0.545      0.757      1.680      0.518      2.000      1.076     -0.466      0.087      1.085     -0.468      0.087      0.990      0.010      1.000 223
     3.076      1.303     -0.065     -0.536      0.712      1.073     -0.465      0.086      1.085     -0.468      0.087      0.987      0.013      1.000 224
     0.632     -0.419     -0.171      0.584      0.785      0.373     -0.307      0.055      0.237     -0.276      0.049      0.161      0.839      2.000 225
     0.098     -0.228     -0.916     -0.518     -0.912      0.238     -0.276      0.049      0.237     -0.276      0.049      0.001      0.999      2.000 226
     0.716      0.428     -0.034     -0.771      0.206      0.317     -0.294      0.052      0.237     -0.276      0.049      0.094      0.906      2.000 227
    -0.269     -0.710     -0.431     -0.939     -1.533      0.238     -0.276      0.049      0.237     -0.276      0.049      0.000      1.000      2.000 228
     0.985     -0.700     -0.046      0.587      0.209      0.323     -0.296      0.053      0.237     -0.276      0.049      0.102      0.898      2.000 229
     0.359      0.096     -1.448      0.875      0.282      0.262     -0.282      0.050      0.237     -0.276      0.049      0.029      0.971      2.000 230
     0.127     -0.469     -0.070     -0.366      0.537      0.254     -0.280      0.050      0.237     -0.276      0.049      0.019      0.981      2.000 231
     0.139     -0.584      0.617     -0.381      0.289      0.262     -0.282      0.050      0.237     -0.276      0.049      0.029      0.971      2.000 232
     0.084      0.503      0.565      0.082      0.676      0.515     -0.339      0.061      0.237     -0.276      0.049      0.328      0.672      2.000 233
     0.609      0.203      0.719      0.906      0.260      0.712     -0.384      0.070      1.085     -0.468      0.087      0.561      0.439      1.000 234
     1.532     -1.669      0.195     -0.808      1.465      0.318     -0.294      0.052      0.237     -0.276      0.049      0.095      0.905      2.000 235
     0.233      1.323      0.381     -0.916      0.279      0.457     -0.326      0.059      0.237     -0.276      0.049      0.259      0.741      2.000 236
     0.825      1.673      0.990      0.901      0.217      1.058     -0.462      0.086      1.085     -0.468      0.087      0.969      0.031      1.000 237
     1.548      1.120      0.776     -0.355      1.148      1.057     -0.462      0.086      1.085     -0.468      0.087      0.968      0.032      1.000 238
     0.291     -0.216      0.111     -1.075      0.718      0.262     -0.282      0.050      0.237     -0.276      0.049      0.030      0.970      2.000 239
     0.258      1.323      0.268      0.644      0.167      0.754     -0.393      0.072      1.085     -0.468      0.087      0.610      0.390      1.000 240
     1.781      1.262      0.384     -0.355     -0.620      0.835     -0.411      0.076      1.085     -0.468      0.087      0.706      0.294      1.000 241
     0.900      1.366     -0.711     -0.956      1.704      0.798     -0.403      0.074      1.085     -0.468      0.087      0.662      0.338      1.000 242
    -0.541      0.038     -0.049     -0.698     -0.999      0.238     -0.276      0.049      0.237     -0.276      0.049      0.001      0.999      2.000 243
     0.988      0.383     -1.181      2.476      3.576      1.080     -0.467      0.087      1.085     -0.468      0.087      0.994      0.006      1.000 244
     2.290     -0.583      1.205     -0.628      0.928      0.963     -0.440      0.082      1.085     -0.468      0.087      0.857      0.143      1.000 245
    -0.054      1.067     -0.537      1.685      0.807      0.751     -0.392      0.072      1.085     -0.468      0.087      0.606      0.394      1.000 246
     0.194      0.763      0.310      0.676     -0.238      0.446     -0.323      0.058      0.237     -0.276      0.049      0.246      0.754      2.000 247
    -1.726      0.247     -1.043     -0.495      1.143      0.239     -0.276      0.049      0.237     -0.276      0.049      0.001      0.999      2.000 248
     1.226      3.621     -0.640     -0.968      2.106      1.082     -0.467      0.087      1.085     -0.468      0.087      0.997      0.003      1.000 249
    -0.015     -0.172     -1.066     -0.898      0.539      0.240     -0.277      0.049      0.237     -0.276      0.049      0.003      0.997      2.000 250
     3.130      1.864     -1.140      1.389      1.714      1.084     -0.468      0.087      1.085     -0.468      0.087      0.999      0.001      1.000 251
     1.340     -0.582     -1.233     -2.226          *      0.239     -0.277      0.049      0.237     -0.276      0.049      0.002      0.998      2.000 252
     0.483      0.691     -0.509     -2.014      0.339      0.251     -0.279      0.049      0.237     -0.276      0.049      0.016      0.984      2.000 253
     2.216      0.000      1.900      1.309      3.482      1.085     -0.468      0.087      1.085     -0.468      0.087      1.000      0.000      1.000 254
     1.380      0.791      0.801      0.313      0.473      1.011     -0.451      0.084      1.085     -0.468      0.087      0.913      0.087      1.000 255
     0.415      0.190      0.211     -0.352     -0.131      0.283     -0.286      0.051      0.237     -0.276      0.049      0.054      0.946      2.000 256
     0.812      0.255      1.284      0.555      0.319      0.887     -0.423      0.078      1.085     -0.468      0.087      0.767      0.233      1.000 257
    -0.838     -0.771      0.698     -0.595     -1.647      0.238     -0.276      0.049      0.237     -0.276      0.049      0.000      1.000      2.000 258
     1.200     -0.150     -0.853     -1.398     -0.883      0.240     -0.277      0.049      0.237     -0.276      0.049      0.003      0.997      2.000 259
     2.109      1.479      1.666      0.525      0.430      1.083     -0.467      0.087      1.085     -0.468      0.087      0.998      0.002      1.000 260
    -1.580      0.534     -1.696     -0.034     -2.431      0.237     -0.276      0.049      0.237     -0.276      0.049      0.000      1.000      2.000 261
     1.004      0.043      0.305     -0.030     -0.971      0.285     -0.287      0.051      0.237     -0.276      0.049      0.056      0.944      2.000 262
     1.068      0.010     -0.401      0.311      0.116      0.358     -0.304      0.054      0.237     -0.276      0.049      0.143      0.857      2.000 263
     0.259      0.073      0.034     -0.818      0.249      0.261     -0.281      0.050      0.237     -0.276      0.049      0.028      0.972      2.000 264
    -0.091      1.181      0.209      0.879     -0.005      0.561     -0.349      0.063      0.237     -0.276      0.049      0.382      0.618      2.000 265
     0.190     -0.409      0.452      0.068      1.605      0.484     -0.332      0.060      0.237     -0.276      0.049      0.291      0.709      2.000 266
     0.486      0.058     -1.136      0.526     -1.041      0.242     -0.277      0.049      0.237     -0.276      0.049      0.005      0.995      2.000 267
    -0.173      0.215      0.166     -0.659     -0.534      0.244     -0.278      0.049      0.237     -0.276      0.049      0.008      0.992      2.000 268
    -0.083      0.273      0.641      0.900      0.524      0.542     -0.345      0.063      0.237     -0.276      0.049      0.359      0.641      2.000 269
    -0.444      0.134     -0.386      1.249      1.524      0.456     -0.326      0.059      0.237     -0.276      0.049      0.258      0.742      2.000 270
     0.350      0.139     -1.729      0.437     -0.920      0.239     -0.277      0.049      0.237     -0.276      0.049      0.002      0.998      2.000 271
     0.070      0.635     -2.558      0.504     -0.115      0.240     -0.277      0.049      0.237     -0.276      0.049      0.003      0.997      2.000 272
    -0.017      1.223      0.860      0.757     -0.009      0.769     -0.396      0.073      1.085     -0.468      0.087      0.627      0.373      1.000 273
     0.950      0.270     -1.170     -0.002      0.606      0.314     -0.294      0.052      0.237     -0.276      0.049      0.091      0.909      2.000 274
     0.236      0.735     -0.853     -0.547     -0.799      0.243     -0.277      0.049      0.237     -0.276      0.049      0.007      0.993      2.000 275
    -0.094      0.643      0.297      0.035     -0.038      0.316     -0.294      0.052      0.237     -0.276      0.049      0.092      0.908      2.000 276
     0.040     -0.227     -0.338     -0.406      0.026      0.244     -0.278      0.049      0.237     -0.276      0.049      0.008      0.992      2.000 277
     0.777      0.206     -0.673      0.159     -0.085      0.284     -0.287      0.051      0.237     -0.276      0.049      0.056      0.944      2.000 278
     0.301      0.417     -0.073      0.264      0.587      0.415     -0.316      0.057      0.237     -0.276      0.049      0.210      0.790      2.000 279
     0.788     -0.663      0.850     -0.512      0.636      0.359     -0.304      0.054      0.237     -0.276      0.049      0.143      0.857      2.000 280
     0.117      0.968     -0.600     -0.062      0.117      0.299     -0.290      0.052      0.237     -0.276      0.049      0.073      0.927      2.000 281
     0.980     -0.755     -0.517      0.143      0.445      0.273     -0.284      0.050      0.237     -0.276      0.049      0.042      0.958      2.000 282
    -2.205     -2.280     -1.476     -1.921     -1.138      0.237     -0.276      0.049      0.237     -0.276      0.049      0.000      1.000      2.000 283
     0.027      0.098     -0.459     -0.035     -0.345      0.246     -0.278      0.049      0.237     -0.276      0.049      0.010      0.990      2.000 284
     1.376     -0.008      0.334     -0.646      0.310      0.461     -0.327      0.059      0.237     -0.276      0.049      0.264      0.736      2.000 285
     1.115      0.360     -0.531     -0.619     -0.380      0.274     -0.284      0.050      0.237     -0.276      0.049      0.043      0.957      2.000 286
    -0.406      0.454     -0.962      0.145     -0.492      0.241     -0.277      0.049      0.237     -0.276      0.049      0.004      0.996      2.000 287
     0.168     -0.513     -0.985     -0.750     -0.545      0.238     -0.276      0.049      0.237     -0.276      0.049      0.001      0.999      2.000 288
    -1.007     -0.531     -1.004     -2.116     -0.876      0.237     -0.276      0.049      0.237     -0.276      0.049      0.000      1.000      2.000 289
    -0.110     -1.069     -0.130      0.245     -0.299      0.240     -0.277      0.049      0.237     -0.276      0.049      0.003      0.997      2.000 290
    -0.449     -0.220      0.428     -0.617      0.340      0.248     -0.279      0.049      0.237     -0.276      0.049      0.012      0.988      2.000 291
     0.927      0.390      0.278      0.409      0.161      0.612     -0.361      0.066      0.237     -0.276      0.049      0.442      0.558      2.000 292
     0.019      1.154     -0.288      0.282     -0.093      0.351     -0.302      0.054      0.237     -0.276      0.049      0.134      0.866      2.000 293
    -0.015     -0.889     -0.408     -0.325      0.227      0.240     -0.277      0.049      0.237     -0.276      0.049      0.003      0.997      2.000 294
    -0.032     -0.190     -1.066     -0.540     -0.364      0.238     -0.276      0.049      0.237     -0.276      0.049      0.001      0.999      2.000 295
     0.397      0.249     -0.789      0.330     -0.085      0.265     -0.282      0.050      0.237     -0.276      0.049      0.032      0.968      2.000 296
     0.742     -0.116     -0.503     -0.459     -0.275      0.250     -0.279      0.049      0.237     -0.276      0.049      0.015      0.985      2.000 297
    -0.557     -1.379     -1.104     -2.134     -0.698      0.237     -0.276      0.049      0.237     -0.276      0.049      0.000      1.000      2.000 298
    -0.202     -0.088      0.221      0.091      0.048      0.259     -0.281      0.050      0.237     -0.276      0.049      0.026      0.974      2.000 299
     0.164      0.199      0.099     -0.273     -0.268      0.261     -0.281      0.050      0.237     -0.276      0.049      0.027      0.973      2.000 300
     0.712      1.381     -0.772      1.161      0.360      0.805     -0.405      0.074      1.085     -0.468      0.087      0.670      0.330      1.000 301
     1.108     -0.752     -0.408     -0.007      1.792      0.479     -0.331      0.060      0.237     -0.276      0.049      0.285      0.715      2.000 302
    -0.050      0.389      0.014      0.524     -0.187      0.290     -0.288      0.051      0.237     -0.276      0.049      0.062      0.938      2.000 303
     0.704      0.076      0.054     -0.264      0.282      0.332     -0.298      0.053      0.237     -0.276      0.049      0.112      0.888      2.000 304
     0.356     -0.868     -0.435     -0.863     -0.769      0.238     -0.276      0.049      0.237     -0.276      0.049      0.001      0.999      2.000 305
     2.609      0.281      0.533     -0.043      0.050      1.001     -0.449      0.083      1.085     -0.468      0.087      0.902      0.098      1.000 306
    -0.009     -0.335     -0.398     -0.561      0.160      0.242     -0.277      0.049      0.237     -0.276      0.049      0.006      0.994      2.000 307
    -0.729      0.553      0.605     -0.804     -0.985      0.241     -0.277      0.049      0.237     -0.276      0.049      0.004      0.996      2.000 308
    -0.198      0.247     -0.267     -0.113      0.453      0.265     -0.282      0.050      0.237     -0.276      0.049      0.032      0.968      2.000 309
     0.054     -0.763      0.434     -0.219      0.037      0.248     -0.279      0.049      0.237     -0.276      0.049      0.012      0.988      2.000 310
     0.447      1.107     -0.219      1.500     -0.401      0.628     -0.364      0.066      0.237     -0.276      0.049      0.461      0.539      2.000 311
    -0.064      0.432     -0.093     -0.327      0.463      0.285     -0.287      0.051      0.237     -0.276      0.049      0.056      0.944      2.000 312
    -0.412     -0.043     -0.201      0.032      0.127      0.247     -0.278      0.049      0.237     -0.276      0.049      0.011      0.989      2.000 313
     1.227      0.694     -0.412     -0.823      0.098      0.370     -0.306      0.055      0.237     -0.276      0.049      0.156      0.844      2.000 314
    -1.017      0.944      0.548      0.259      0.105      0.298     -0.290      0.052      0.237     -0.276      0.049      0.072      0.928      2.000 315
     0.797      1.190      0.712     -0.228      0.457      0.894     -0.425      0.078      1.085     -0.468      0.087      0.775      0.225      1.000 316
     0.366      0.174     -0.111     -0.231      0.779      0.342     -0.300      0.053      0.237     -0.276      0.049      0.123      0.877      2.000 317
     1.875      1.191      1.328     -0.268      0.031      1.056     -0.461      0.086      1.085     -0.468      0.087      0.966      0.034      1.000 318
    -0.194      0.071     -0.857      0.337     -0.976      0.239     -0.277      0.049      0.237     -0.276      0.049      0.002      0.998      2.000 319
     0.658      0.536     -0.844      0.257     -0.338      0.278     -0.285      0.051      0.237     -0.276      0.049      0.048      0.952      2.000 320
    -0.491     -0.516     -0.217     -0.083     -0.158      0.240     -0.277      0.049      0.237     -0.276      0.049      0.002      0.998      2.000 321
    -0.122     -0.051      0.287     -0.033      0.279      0.273     -0.284      0.050      0.237     -0.276      0.049      0.041      0.959      2.000 322
     0.296      1.847      0.036      0.697      1.303      1.036     -0.457      0.085      1.085     -0.468      0.087      0.943      0.057      1.000 323
     0.243      0.248      0.260     -1.239     -0.443      0.247     -0.278      0.049      0.237     -0.276      0.049      0.011      0.989      2.000 324
    -0.231      1.173      0.529     -0.825     -0.617      0.273     -0.284      0.050      0.237     -0.276      0.049      0.042      0.958      2.000 325
     0.112      0.211      0.409      0.518      0.281      0.395     -0.312      0.056      0.237     -0.276      0.049      0.186      0.814      2.000 326
     1.977      0.805      1.087      1.212      0.073      1.073     -0.465      0.086      1.085     -0.468      0.087      0.986      0.014      1.000 327
     0.732      0.816     -0.343     -0.534      0.809      0.488     -0.333      0.060      0.237     -0.276      0.049      0.296      0.704      2.000 328
     0.755      0.624      0.392     -0.569      0.427      0.519     -0.340      0.061      0.237     -0.276      0.049      0.332      0.668      2.000 329
     0.232      1.336      0.998      0.672      0.604      0.997     -0.448      0.083      1.085     -0.468      0.087      0.896      0.104      1.000 330
     0.099      0.227     -0.285      0.594     -0.408      0.265     -0.282      0.050      0.237     -0.276      0.049      0.032      0.968      2.000 331
     0.273      0.801      0.561     -0.092      0.692      0.649     -0.369      0.067      0.237     -0.276      0.049      0.486      0.514      2.000 332
     1.324      0.480      0.128      0.296      0.229      0.739     -0.390      0.071      1.085     -0.468      0.087      0.592      0.408      1.000 333
     0.202      0.431      0.239      0.142      0.101      0.349     -0.301      0.054      0.237     -0.276      0.049      0.132      0.868      2.000 334
     2.905      0.488     -1.624     -1.826      1.110      0.556     -0.348      0.063      0.237     -0.276      0.049      0.377      0.623      2.000 335
     1.189      0.929      0.017      0.797      0.465      0.949     -0.437      0.081      1.085     -0.468      0.087      0.840      0.160      1.000 336
     0.131     -0.364     -0.676      0.864     -0.740      0.243     -0.277      0.049      0.237     -0.276      0.049      0.006      0.994      2.000 337
     1.146      0.599      0.288     -0.702      0.878      0.726     -0.387      0.071      1.085     -0.468      0.087      0.577      0.423      1.000 338
     0.766      0.109     -0.128     -0.046     -0.334      0.285     -0.287      0.051      0.237     -0.276      0.049      0.056      0.944      2.000 339
     0.373     -0.075      0.035      0.269      0.308      0.315     -0.294      0.052      0.237     -0.276      0.049      0.092      0.908      2.000 340
    -0.232      0.589     -0.121      1.804      0.071      0.458     -0.326      0.059      0.237     -0.276      0.049      0.261      0.739      2.000 341
     0.509      0.181      0.063      0.469      0.037      0.363     -0.305      0.054      0.237     -0.276      0.049      0.149      0.851      2.000 342
    -0.355     -1.116     -0.522      0.025     -1.365      0.238     -0.276      0.049      0.237     -0.276      0.049      0.000      1.000      2.000 343
     2.844      0.343      0.230     -1.201      0.006      0.841     -0.413      0.076      1.085     -0.468      0.087      0.713      0.287      1.000 344
     0.452      0.467      0.637     -0.995      0.398      0.372     -0.307      0.055      0.237     -0.276      0.049      0.159      0.841      2.000 345
     0.014     -0.247     -1.159     -0.492     -0.119      0.239     -0.276      0.049      0.237     -0.276      0.049      0.002      0.998      2.000 346
    -0.640     -0.124      0.252      0.752      0.046      0.259     -0.281      0.050      0.237     -0.276      0.049      0.025      0.975      2.000 347
     0.063      0.266     -0.521     -0.326      0.108      0.252     -0.280      0.049      0.237     -0.276      0.049      0.017      0.983      2.000 348
     0.361      0.681     -0.132      0.862     -0.023      0.453     -0.325      0.058      0.237     -0.276      0.049      0.254      0.746      2.000 349
     1.205      0.653      1.381      0.527     -0.366      0.949     -0.437      0.081      1.085     -0.468      0.087      0.840      0.160      1.000 350
    -0.209     -0.861     -0.058     -1.083     -0.083      0.238     -0.276      0.049      0.237     -0.276      0.049      0.001      0.999      2.000 351
     1.157     -0.933      0.063      0.205      0.156      0.294     -0.289      0.051      0.237     -0.276      0.049      0.067      0.933      2.000 352
     2.075      0.589      0.264      0.883      0.549      1.052     -0.460      0.085      1.085     -0.468      0.087      0.961      0.039      1.000 353
     0.826      0.761      0.609      0.512      0.010      0.783     -0.400      0.073      1.085     -0.468      0.087      0.645      0.355      1.000 354
     0.257      0.007      0.075     -0.115      0.899      0.352     -0.302      0.054      0.237     -0.276      0.049      0.135      0.865      2.000 355
     2.169      0.634      0.505     -0.271      0.428      1.008     -0.450      0.084      1.085     -0.468      0.087      0.909      0.091      1.000 356
     1.088     -0.057      0.859     -0.382      0.267      0.534     -0.343      0.062      0.237     -0.276      0.049      0.350      0.650      2.000 357
     0.113      0.627     -0.399      0.361      1.467      0.585     -0.355      0.064      0.237     -0.276      0.049      0.410      0.590      2.000 358
     0.738      1.532      0.163      0.515      0.713      0.996     -0.448      0.083      1.085     -0.468      0.087      0.895      0.105      1.000 359
     0.099      0.139      0.630      0.322      0.760      0.497     -0.335      0.060      0.237     -0.276      0.049      0.307      0.693      2.000 360
     0.040      0.900      0.040     -0.573      0.871      0.413     -0.316      0.057      0.237     -0.276      0.049      0.208      0.792      2.000 361
