     0.751      1.605      0.495      0.494      2.288      1.748     -1.261      0.274      2.597     -2.626      0.617      0.000      0.000      0.003      0.432      0.000      0.565      6.000   1
     1.511      0.669      0.933      0.009     -0.421      0.367     -0.203      0.064      0.383     -0.232      0.071      0.013      0.000      0.000      0.987      0.000      0.000      4.000   2
    -0.063     -0.122      0.017     -0.391     -0.175      0.464     -0.550      0.110      0.472     -0.564      0.113      0.006      0.000      0.000      0.994      0.000      0.000      4.000   3
     0.249      0.656      0.000      0.171     -0.212      0.582     -0.555      0.120      0.594     -0.578      0.126      0.010      0.000      0.000      0.990      0.000      0.000      4.000   4
     0.559      0.868     -0.930     -0.100      0.151     -0.067      0.340     -0.087     -0.070      0.345     -0.088      0.000      0.000      0.000      0.998      0.000      0.002      4.000   5
    -0.546     -0.361     -0.282     -0.925      0.000      0.343     -0.487      0.086      0.346     -0.493      0.088      0.002      0.000      0.000      0.997      0.000      0.000      4.000   6
    -0.702      0.357     -1.303     -0.894     -0.294      0.057     -0.279      0.050      0.060     -0.286      0.052      0.003      0.000      0.000      0.997      0.000      0.000      4.000   7
     0.096     -0.409      0.537      0.241      0.142      0.793     -0.718      0.135      0.797     -0.725      0.137      0.003      0.000      0.000      0.997      0.000      0.000      4.000   8
     2.392      0.949      0.345     -0.496      2.170      1.369     -1.147      0.300      1.351     -1.131      0.298      0.000      0.000      0.000      0.001      0.010      0.989      6.000   9
     0.525     -0.386      0.225     -0.913      0.274      0.055      0.119     -0.046      0.054      0.121     -0.046      0.000      0.000      0.000      0.999      0.000      0.001      4.000  10
     0.250      1.282     -0.122      0.110      0.297      0.551     -0.303      0.057      0.553     -0.307      0.058      0.002      0.000      0.000      0.998      0.000      0.000      4.000  11
     1.075      0.071     -0.343      0.719     -0.095      0.161      0.117     -0.038      0.160      0.118     -0.038      0.000      0.000      0.000      0.999      0.000      0.001      4.000  12
     0.480      0.866      0.468      0.081      0.835      0.625     -0.153      0.009      0.624     -0.152      0.008      0.000      0.000      0.000      0.999      0.000      0.001      4.000  13
    -0.339      0.445      0.403     -0.178     -0.296      0.825     -0.939      0.199      0.920     -1.115      0.245      0.080      0.000      0.000      0.920      0.000      0.000      4.000  14
     0.131      0.406      0.483      0.213      0.998      0.782     -0.327      0.033      0.781     -0.326      0.033      0.000      0.000      0.000      0.999      0.000      0.001      4.000  15
    -0.028      0.550     -0.014      0.521      0.425      0.784     -0.549      0.095      0.785     -0.552      0.096      0.001      0.000      0.000      0.999      0.000      0.000      4.000  16
    -0.539      0.709      0.183      0.242      0.395      1.034     -0.941      0.184      1.042     -0.956      0.187      0.006      0.000      0.000      0.994      0.000      0.000      4.000  17
     0.390     -1.484     -0.569      0.466      0.171      0.114      0.072     -0.060      0.109      0.080     -0.062      0.000      0.000      0.000      0.997      0.000      0.003      4.000  18
     0.919      0.254      0.400      0.762      0.835      0.557      0.031     -0.041      0.549      0.044     -0.044      0.000      0.000      0.000      0.996      0.000      0.004      4.000  19
     1.738      0.761     -0.007      1.525      1.789      2.048     -1.921      0.456      2.189     -2.146      0.513      0.000      0.000      0.001      0.071      0.000      0.928      6.000  20
     0.249     -0.083      0.540      0.113     -0.129      0.723     -0.716      0.148      0.735     -0.738      0.154      0.010      0.000      0.000      0.990      0.000      0.000      4.000  21
     0.382      0.792      0.148      0.683     -0.162      0.769     -0.666      0.144      0.784     -0.694      0.151      0.012      0.000      0.000      0.988      0.000      0.000      4.000  22
     0.176      0.170      0.313      0.328     -0.113      0.754     -0.726      0.150      0.766     -0.747      0.155      0.010      0.000      0.000      0.990      0.000      0.000      4.000  23
     0.210      0.457      0.217      0.259      0.320      0.684     -0.469      0.084      0.686     -0.473      0.085      0.002      0.000      0.000      0.998      0.000      0.000      4.000  24
     0.046      0.155     -0.168      0.060     -0.237      0.514     -0.558      0.114      0.522     -0.573      0.118      0.007      0.000      0.000      0.993      0.000      0.000      4.000  25
     0.886     -0.853     -0.114      0.087      0.585      0.042      0.372     -0.120     -0.004      0.446     -0.139      0.000      0.000      0.000      0.977      0.000      0.023      4.000  26
     0.700      0.196     -0.170      0.399      0.445      0.291      0.100     -0.048      0.288      0.106     -0.050      0.000      0.000      0.000      0.998      0.000      0.002      4.000  27
     1.031      0.094     -0.129     -0.233      0.888      0.073      0.429     -0.121     -0.104      0.713     -0.192      0.000      0.000      0.000      0.910      0.000      0.089      4.000  28
     1.023      0.690     -0.300      0.459      0.799      0.186      0.413     -0.118      0.127      0.508     -0.142      0.000      0.000      0.000      0.970      0.000      0.030      4.000  29
    -0.235     -0.014     -1.229     -0.561     -0.220     -0.060     -0.027     -0.011     -0.060     -0.028     -0.010      0.001      0.000      0.000      0.999      0.000      0.000      4.000  30
    -0.329      0.113      0.439      0.468     -0.594      0.853     -0.909      0.180      1.134     -1.426      0.315      0.234      0.000      0.000      0.766      0.000      0.000      4.000  31
     0.367     -0.720      0.156      0.087      0.314      0.398     -0.193      0.010      0.397     -0.192      0.010      0.000      0.000      0.000      0.999      0.000      0.000      4.000  32
     0.451      1.068      1.093     -0.263      0.394      0.849     -0.603      0.129      0.858     -0.618      0.133      0.007      0.000      0.000      0.993      0.000      0.000      4.000  33
     0.108      0.327     -0.603     -0.040      0.207      0.251     -0.083     -0.003      0.251     -0.083     -0.003      0.000      0.000      0.000      0.999      0.000      0.000      4.000  34
    -0.457     -0.177      0.374      1.209      0.048      1.319     -1.319      0.261      1.344     -1.365      0.273      0.021      0.000      0.000      0.979      0.000      0.000      4.000  35
    -0.644      0.273     -0.092     -0.739     -0.412      0.569     -0.831      0.177      0.638     -0.957      0.210      0.057      0.000      0.000      0.943      0.000      0.000      4.000  36
     0.571      0.039      0.711     -0.807      0.852      0.305      0.107     -0.052      0.300      0.114     -0.054      0.000      0.000      0.000      0.998      0.000      0.002      4.000  37
    -0.373     -0.408     -0.237     -0.304     -0.149      0.494     -0.629      0.119      0.499     -0.639      0.122      0.004      0.000      0.000      0.996      0.000      0.000      4.000  38
     0.381      0.135      0.096      0.724      1.794      1.056     -0.473      0.059      0.579      0.300     -0.136      0.000      0.000      0.002      0.755      0.000      0.242      4.000  39
    -0.138      0.148     -0.197      0.110      0.481      0.567     -0.360      0.047      0.567     -0.360      0.047      0.000      0.000      0.000      0.999      0.000      0.000      4.000  40
    -0.357     -0.489     -1.525     -0.451     -0.420     -0.140     -0.049     -0.009     -0.139     -0.051     -0.009      0.001      0.000      0.000      0.999      0.000      0.000      4.000  41
     0.360     -1.211     -0.636     -0.033     -0.995      0.019     -0.324      0.068      0.028     -0.339      0.072      0.007      0.000      0.000      0.993      0.000      0.000      4.000  42
    -0.307      0.280     -0.112      0.180     -0.005      0.747     -0.766      0.152      0.755     -0.782      0.156      0.007      0.000      0.000      0.993      0.000      0.000      4.000  43
     0.478     -0.103      0.104      0.357     -0.018      0.499     -0.369      0.066      0.501     -0.372      0.067      0.002      0.000      0.000      0.998      0.000      0.000      4.000  44
     0.347      0.469     -0.417      0.664     -0.976      0.450     -0.595      0.138      0.552     -0.784      0.188      0.086      0.000      0.000      0.914      0.000      0.000      4.000  45
     0.789      0.609      0.368      0.287      0.540      0.494     -0.065     -0.005      0.493     -0.064     -0.005      0.000      0.000      0.000      0.999      0.000      0.001      4.000  46
     0.813      1.031      0.383     -0.013     -0.086      0.466     -0.287      0.070      0.473     -0.300      0.073      0.006      0.000      0.000      0.994      0.000      0.000      4.000  47
     0.360     -0.832     -1.015     -0.131     -0.079     -0.193      0.280     -0.090     -0.196      0.286     -0.091      0.000      0.000      0.000      0.998      0.000      0.002      4.000  48
     1.945      0.470      1.768      0.567      0.933      0.649      0.129     -0.046      0.640      0.143     -0.049      0.000      0.000      0.000      0.995      0.000      0.004      4.000  49
    -0.504     -1.132     -1.224     -0.673     -0.899     -0.061     -0.400      0.077     -0.046     -0.419      0.081      0.007      0.003      0.000      0.991      0.000      0.000      4.000  50
    -0.623      0.930     -1.248      2.267      1.103      1.096     -0.546      0.057      1.093     -0.541      0.056      0.000      0.000      0.000      0.998      0.000      0.002      4.000  51
     0.735      2.064      0.791      0.517      0.877      0.926     -0.337      0.064      0.927     -0.339      0.064      0.001      0.000      0.000      0.999      0.000      0.000      4.000  52
    -0.097      0.059     -2.214      2.213      0.038      0.359     -0.106     -0.021      0.356     -0.102     -0.022      0.000      0.000      0.000      0.999      0.000      0.001      4.000  53
     0.711      0.346     -0.071     -0.163     -1.294      0.042     -0.205      0.060      0.264     -0.613      0.167      0.185      0.000      0.000      0.815      0.000      0.000      4.000  54
     1.392      0.665     -0.893      1.590     -2.576     -0.772      1.073     -0.254     -0.927      1.358     -0.329      0.871      0.000      0.000      0.129      0.000      0.000      1.000  55
     0.691      2.107     -1.114      1.761      0.294      0.541     -0.031     -0.005      0.540     -0.030     -0.005      0.000      0.000      0.000      0.999      0.000      0.001      4.000  56
    -0.246      0.060     -0.753      1.636     -0.091      0.904     -0.841      0.156      0.908     -0.848      0.158      0.003      0.000      0.000      0.997      0.000      0.000      4.000  57
    -0.552     -0.421      0.902     -0.719     -1.004      0.139     -0.017     -0.049     -0.186      0.578     -0.205      0.730      0.000      0.000      0.270      0.000      0.000      1.000  58
     1.003      1.296      1.549     -0.315      0.619      0.795     -0.359      0.078      0.798     -0.365      0.080      0.003      0.000      0.000      0.997      0.000      0.000      4.000  59
     0.246     -0.566     -1.476      0.265     -0.221     -0.178      0.237     -0.079     -0.180      0.240     -0.080      0.000      0.000      0.000      0.999      0.000      0.001      4.000  60
     0.297     -0.843     -0.102      0.709     -0.879      0.548     -0.772      0.164      0.586     -0.842      0.182      0.032      0.000      0.000      0.968      0.000      0.000      4.000  61
    -0.276     -0.197     -0.643      0.127     -1.010      0.387     -0.720      0.156      0.491     -0.912      0.206      0.087      0.000      0.000      0.913      0.000      0.000      4.000  62
     0.705      1.129      0.539      1.434      0.881      1.035     -0.416      0.063      1.035     -0.415      0.062      0.000      0.000      0.000      0.999      0.000      0.000      4.000  63
     0.112      0.493      0.613     -0.032      0.420      0.809     -0.610      0.116      0.813     -0.616      0.118      0.003      0.000      0.000      0.997      0.000      0.000      4.000  64
     0.331      0.751      0.526      0.887      0.673      0.992     -0.580      0.101      0.993     -0.582      0.101      0.001      0.000      0.000      0.999      0.000      0.000      4.000  65
    -0.457      0.275      0.808      0.429     -1.015      0.351      0.014     -0.066      0.192      0.305     -0.143      0.868      0.000      0.000      0.132      0.000      0.000      1.000  66
     0.567      0.930     -0.099     -0.521     -0.018      0.179     -0.036      0.009      0.181     -0.040      0.010      0.002      0.000      0.000      0.998      0.000      0.000      4.000  67
    -0.364     -0.130     -0.730     -0.079     -0.209      0.376     -0.489      0.089      0.380     -0.496      0.091      0.003      0.000      0.000      0.997      0.000      0.000      4.000  68
     0.384      1.463     -0.236      0.451      0.182      0.577     -0.316      0.064      0.580     -0.321      0.065      0.002      0.000      0.000      0.998      0.000      0.000      4.000  69
     1.982      0.043      0.584      0.286      0.544      0.038      0.585     -0.143     -0.036      0.703     -0.173      0.000      0.000      0.000      0.963      0.001      0.036      4.000  70
    -0.300      0.359      0.487     -0.584      0.537      0.739     -0.611      0.111      0.741     -0.615      0.112      0.002      0.000      0.000      0.998      0.000      0.000      4.000  71
     0.368     -0.300      0.257      0.199     -0.518      0.557     -0.662      0.143      0.580     -0.703      0.153      0.019      0.000      0.000      0.981      0.000      0.000      4.000  72
     1.056      0.220      0.089      0.491      0.246      0.286      0.096     -0.038      0.284      0.098     -0.038      0.000      0.000      0.000      0.999      0.000      0.001      4.000  73
     0.078      1.046      0.432      0.925      0.941      1.097     -0.616      0.102      1.097     -0.616      0.102      0.001      0.000      0.000      0.999      0.000      0.000      4.000  74
     0.052     -0.204     -0.837     -0.761     -0.314     -0.100      0.000     -0.011     -0.099     -0.002     -0.010      0.001      0.000      0.000      0.999      0.000      0.000      4.000  75
    -0.416      0.942     -0.849      1.516     -0.132      0.989     -0.949      0.191      1.003     -0.974      0.197      0.011      0.000      0.000      0.989      0.000      0.000      4.000  76
    -0.019     -0.343     -0.131     -0.433     -0.235      0.344     -0.447      0.086      0.348     -0.456      0.088      0.004      0.000      0.000      0.996      0.000      0.000      4.000  77
     0.971     -0.320     -0.371     -0.283      0.206     -0.191      0.497     -0.130     -0.205      0.519     -0.136      0.000      0.000      0.000      0.993      0.000      0.007      4.000  78
     1.222      0.350     -0.478     -0.560     -0.071     -0.357      0.615     -0.138     -0.376      0.642     -0.144      0.000      0.000      0.000      0.993      0.003      0.003      4.000  79
     1.475     -0.528      0.623      0.364      0.007      0.221      0.099     -0.034      0.221      0.100     -0.034      0.000      0.000      0.000      0.999      0.000      0.001      4.000  80
     0.764      0.363      1.096      0.572     -0.046      0.926     -0.756      0.164      0.945     -0.792      0.173      0.016      0.000      0.000      0.984      0.000      0.000      4.000  81
     1.105      0.480      0.132      0.951     -0.327      0.496     -0.303      0.068      0.501     -0.312      0.071      0.004      0.000      0.000      0.996      0.000      0.000      4.000  82
    -0.426      0.722     -0.054      0.416     -0.314      0.905     -0.994      0.209      0.986     -1.143      0.249      0.067      0.000      0.000      0.933      0.000      0.000      4.000  83
    -0.619     -0.483     -0.583      0.145     -0.208      0.599     -0.772      0.145      0.605     -0.783      0.148      0.005      0.000      0.000      0.995      0.000      0.000      4.000  84
     0.035      1.103      0.664      0.329      0.670      1.042     -0.723      0.139      1.045     -0.729      0.140      0.003      0.000      0.000      0.997      0.000      0.000      4.000  85
     0.949      0.649      0.394      1.127      0.241      0.736     -0.347      0.063      0.737     -0.349      0.064      0.001      0.000      0.000      0.999      0.000      0.000      4.000  86
     0.296     -0.257      0.559      0.719     -0.731      0.798     -0.886      0.188      0.947     -1.159      0.260      0.123      0.000      0.000      0.877      0.000      0.000      4.000  87
     0.436     -0.244      0.724      0.572     -0.153      0.856     -0.806      0.166      0.870     -0.832      0.173      0.012      0.000      0.000      0.988      0.000      0.000      4.000  88
     0.358      0.052     -1.103      0.187      0.473     -0.040      0.388     -0.121     -0.066      0.429     -0.131      0.000      0.000      0.000      0.987      0.000      0.013      4.000  89
     0.820      0.449     -0.127      0.753      0.848      0.397      0.199     -0.079      0.373      0.237     -0.089      0.000      0.000      0.000      0.988      0.000      0.012      4.000  90
     1.507      0.440      0.103     -0.517     -0.243     -0.206      0.437     -0.087     -0.210      0.442     -0.088      0.001      0.000      0.000      0.998      0.001      0.001      4.000  91
     1.009      0.119     -0.247      0.418     -0.084      0.138      0.110     -0.034      0.138      0.110     -0.034      0.000      0.000      0.000      0.999      0.000      0.000      4.000  92
     1.234     -0.492      0.130      0.077     -0.551      0.049      0.002      0.002      0.051     -0.002      0.003      0.002      0.000      0.000      0.998      0.000      0.000      4.000  93
     0.727      0.687      0.338      0.797      0.138      0.713     -0.428      0.084      0.716     -0.433      0.086      0.002      0.000      0.000      0.998      0.000      0.000      4.000  94
     1.702     -0.023      0.637     -0.023     -0.534      0.074      0.070     -0.001      0.078      0.063      0.001      0.003      0.000      0.000      0.997      0.000      0.000      4.000  95
     0.715      1.613      1.153      1.320      0.406      1.337     -0.919      0.197      1.355     -0.953      0.206      0.015      0.000      0.000      0.985      0.000      0.000      4.000  96
     1.144     -0.041     -1.566      0.281      0.666      0.770     -0.959      0.234      1.319     -1.876      0.470      0.000      0.000      0.000      0.304      0.024      0.671      6.000  97
     1.508     -1.725      0.408     -1.474      0.423     -0.325      0.517     -0.133     -0.674      1.048     -0.261      0.000      0.000      0.000      0.846      0.025      0.129      4.000  98
     0.493      0.891      0.485      0.318     -0.438      0.715     -0.686      0.158      0.790     -0.824      0.194      0.062      0.000      0.000      0.938      0.000      0.000      4.000  99
     0.709     -0.009     -0.068      0.633     -0.468      0.438     -0.410      0.088      0.445     -0.423      0.091      0.006      0.000      0.000      0.994      0.000      0.000      4.000 100
    -0.272      0.142      0.000     -0.767      0.090      0.444     -0.482      0.091      0.448     -0.489      0.093      0.003      0.000      0.000      0.997      0.000      0.000      4.000 101
    -0.343     -0.204     -0.231     -0.180     -0.422      0.548     -0.762      0.157      0.569     -0.802      0.168      0.018      0.000      0.000      0.982      0.000      0.000      4.000 102
     0.485      0.440     -0.310     -0.482      0.282      0.066      0.179     -0.055      0.064      0.181     -0.056      0.000      0.000      0.000      0.999      0.000      0.001      4.000 103
     0.026      0.772     -0.189     -0.962     -1.015      0.048     -0.255      0.066      0.293     -0.704      0.184      0.203      0.000      0.000      0.797      0.000      0.000      4.000 104
     0.690     -1.998     -1.167     -0.889     -1.966     -0.713      0.055      0.006     -0.685      0.007      0.018      0.021      0.001      0.000      0.977      0.000      0.000      4.000 105
     1.167      0.235     -0.047      0.051     -0.147      0.047      0.183     -0.043      0.047      0.183     -0.043      0.001      0.000      0.000      0.999      0.000      0.000      4.000 106
    -0.142     -0.341     -0.189     -0.770      0.549      0.218     -0.048     -0.025      0.217     -0.046     -0.025      0.000      0.000      0.000      0.999      0.000      0.001      4.000 107
     1.265     -0.383      0.508     -0.132      0.313      0.100      0.279     -0.080      0.095      0.287     -0.082      0.000      0.000      0.000      0.997      0.000      0.002      4.000 108
     0.201      0.091     -0.253      0.407      0.704      0.465     -0.076     -0.023      0.461     -0.070     -0.024      0.000      0.000      0.000      0.998      0.000      0.002      4.000 109
    -0.217     -0.065     -0.748     -0.298     -0.415      0.242     -0.414      0.081      0.248     -0.425      0.084      0.005      0.000      0.000      0.995      0.000      0.000      4.000 110
     0.286      0.437      0.232     -0.503     -0.163      0.418     -0.422      0.092      0.428     -0.439      0.097      0.008      0.000      0.000      0.992      0.000      0.000      4.000 111
    -0.452      0.838     -0.058      1.379     -0.987      0.531     -0.204     -0.008      0.175      0.449     -0.179      0.705      0.000      0.000      0.295      0.000      0.000      1.000 112
     1.494      1.141     -0.326      1.602      1.947      2.123     -1.985      0.469      2.216     -2.130      0.505      0.000      0.000      0.004      0.046      0.000      0.951      6.000 113
     1.221      2.735      0.575      0.432      0.531      0.662     -0.081      0.028      0.665     -0.085      0.030      0.002      0.000      0.000      0.998      0.000      0.000      4.000 114
    -0.365      1.127      1.394      1.211     -0.460      0.905     -0.262     -0.011      0.739      0.042     -0.091      0.862      0.000      0.000      0.138      0.000      0.000      1.000 115
     0.154      0.519     -0.155      0.049      0.870      0.448     -0.014     -0.033      0.443     -0.007     -0.035      0.000      0.000      0.000      0.998      0.000      0.002      4.000 116
     0.618     -0.632     -0.498     -0.021     -0.388     -0.004      0.008     -0.014     -0.003      0.007     -0.013      0.001      0.000      0.000      0.999      0.000      0.000      4.000 117
     1.145      0.897      0.010      0.381      0.477      0.234      0.278     -0.076      0.228      0.287     -0.078      0.000      0.000      0.000      0.997      0.000      0.003      4.000 118
     1.611      1.005      0.122      0.895     -0.319      0.292      0.027      0.006      0.295      0.022      0.007      0.002      0.000      0.000      0.998      0.000      0.000      4.000 119
     0.539      1.032     -0.012      1.335     -0.545      0.842     -0.769      0.173      0.908     -0.889      0.205      0.054      0.000      0.000      0.946      0.000      0.000      4.000 120
    -0.732      0.420     -0.226     -0.291     -0.386      0.706     -0.934      0.196      0.784     -1.077      0.233      0.065      0.000      0.000      0.935      0.000      0.000      4.000 121
     1.853     -0.293     -0.075     -0.293      0.060     -0.343      0.722     -0.167     -0.478      0.911     -0.210      0.000      0.000      0.000      0.953      0.022      0.025      4.000 122
     0.462     -0.442     -0.319      0.748     -0.319      0.427     -0.389      0.070      0.430     -0.393      0.071      0.002      0.000      0.000      0.998      0.000      0.000      4.000 123
    -0.575      0.646     -0.013      0.646      0.174      1.098     -1.067      0.213      1.114     -1.095      0.220      0.013      0.000      0.000      0.987      0.000      0.000      4.000 124
     1.148      0.642      1.318     -1.548      0.336      0.151      0.125     -0.021      0.152      0.123     -0.021      0.001      0.000      0.000      0.999      0.000      0.000      4.000 125
     0.279     -0.107      0.128     -0.686      0.210      0.237     -0.117      0.008      0.238     -0.118      0.008      0.001      0.000      0.000      0.999      0.000      0.000      4.000 126
    -0.130      1.421      0.152      0.243      0.270      0.908     -0.751      0.157      0.920     -0.772      0.162      0.010      0.000      0.000      0.990      0.000      0.000      4.000 127
    -0.381     -0.017     -0.685     -0.788     -0.314      0.182     -0.378      0.073      0.187     -0.388      0.076      0.004      0.000      0.000      0.996      0.000      0.000      4.000 128
     0.208      0.717     -0.850      0.241      0.250      0.227      0.020     -0.025      0.226      0.022     -0.026      0.000      0.000      0.000      0.999      0.000      0.001      4.000 129
     0.306      0.503     -0.173     -0.318      0.349      0.270     -0.033     -0.011      0.270     -0.033     -0.011      0.000      0.000      0.000      0.999      0.000      0.000      4.000 130
    -0.059     -0.200     -0.683     -0.492     -0.679      0.127     -0.386      0.084      0.139     -0.407      0.089      0.010      0.000      0.000      0.990      0.000      0.000      4.000 131
    -0.070     -0.975      0.605     -0.275     -0.285      0.680     -0.854      0.172      0.697     -0.886      0.180      0.014      0.000      0.000      0.986      0.000      0.000      4.000 132
     1.765      1.185     -0.644      1.127     -0.276     -0.029      0.454     -0.093     -0.033      0.460     -0.094      0.000      0.000      0.000      0.998      0.001      0.001      4.000 133
    -0.492     -0.238     -0.100     -0.049      0.352      0.690     -0.638      0.107      0.692     -0.641      0.108      0.001      0.000      0.000      0.999      0.000      0.000      4.000 134
    -0.125      0.477     -0.082      0.398      0.398      0.751     -0.555      0.096      0.753     -0.557      0.097      0.001      0.000      0.000      0.999      0.000      0.000      4.000 135
    -0.443      1.136     -0.338     -1.063      0.512      0.355     -0.230      0.034      0.356     -0.232      0.034      0.001      0.000      0.000      0.999      0.000      0.000      4.000 136
     0.630     -0.123      0.609     -1.372     -0.501      0.086     -0.230      0.062      0.102     -0.260      0.070      0.014      0.000      0.000      0.986      0.000      0.000      4.000 137
     0.316      1.162      0.420      0.569      0.208      0.909     -0.684      0.143      0.918     -0.700      0.148      0.008      0.000      0.000      0.992      0.000      0.000      4.000 138
     0.105      0.163     -0.141      0.139      0.028      0.515     -0.439      0.080      0.518     -0.444      0.081      0.002      0.000      0.000      0.998      0.000      0.000      4.000 139
     0.525     -0.854      1.063     -0.165     -1.018      0.427     -0.553      0.114      0.722     -1.094      0.256      0.245      0.000      0.000      0.755      0.000      0.000      4.000 140
    -0.060     -0.003      0.153      0.370      0.440      0.764     -0.564      0.093      0.765     -0.566      0.093      0.001      0.000      0.000      0.999      0.000      0.000      4.000 141
    -0.478     -0.142     -0.159     -0.636     -0.125      0.491     -0.652      0.128      0.500     -0.668      0.132      0.007      0.000      0.000      0.993      0.000      0.000      4.000 142
    -0.015      0.473      0.350     -0.650      0.779      0.518     -0.223      0.021      0.518     -0.223      0.021      0.000      0.000      0.000      0.999      0.000      0.000      4.000 143
     0.851      0.823     -0.226     -0.289      0.312      0.038      0.316     -0.080      0.035      0.321     -0.081      0.000      0.000      0.000      0.998      0.000      0.002      4.000 144
     0.495      0.279     -0.126      0.167      0.315      0.344     -0.062     -0.007      0.344     -0.062     -0.008      0.000      0.000      0.000      0.999      0.000      0.000      4.000 145
     0.059     -0.028      0.114     -0.596     -0.738      0.359     -0.605      0.138      0.435     -0.744      0.174      0.063      0.000      0.000      0.937      0.000      0.000      4.000 146
    -0.277     -0.217      0.403     -0.670      0.324      0.611     -0.581      0.104      0.613     -0.586      0.105      0.002      0.000      0.000      0.998      0.000      0.000      4.000 147
     0.535      0.207      1.022      0.626      0.418      0.988     -0.690      0.132      0.991     -0.695      0.133      0.003      0.000      0.000      0.997      0.000      0.000      4.000 148
     0.312     -0.142      0.044      0.258      0.108      0.505     -0.363      0.059      0.506     -0.366      0.060      0.001      0.000      0.000      0.999      0.000      0.000      4.000 149
     0.994      0.961      1.477      0.381     -0.130      0.949     -0.737      0.171      1.015     -0.859      0.203      0.055      0.000      0.000      0.945      0.000      0.000      4.000 150
    -0.085      0.399     -0.611     -1.477      0.413     -0.151      0.283     -0.083     -0.153      0.287     -0.083      0.000      0.000      0.000      0.999      0.000      0.001      4.000 151
     0.539      1.062      0.617      1.262      0.121      1.116     -0.848      0.179      1.131     -0.876      0.187      0.013      0.000      0.000      0.987      0.000      0.000      4.000 152
     0.941      1.259      0.633      0.428      0.483      0.663     -0.210      0.039      0.664     -0.212      0.039      0.001      0.000      0.000      0.999      0.000      0.000      4.000 153
     0.629      0.289      0.079      0.481     -0.550      0.515     -0.533      0.122      0.537     -0.573      0.132      0.018      0.000      0.000      0.982      0.000      0.000      4.000 154
     0.312      0.370     -0.179     -0.200      0.539      0.279      0.038     -0.035      0.278      0.041     -0.035      0.000      0.000      0.000      0.999      0.000      0.001      4.000 155
     1.569      0.602      0.545      0.789      0.646      0.380      0.275     -0.079      0.367      0.296     -0.085      0.000      0.000      0.000      0.993      0.000      0.007      4.000 156
     0.549      1.056      0.390      1.098      0.851      0.921     -0.361      0.050      0.921     -0.361      0.050      0.000      0.000      0.000      0.999      0.000      0.000      4.000 157
     0.864     -0.582     -0.134      0.407     -0.444      0.199     -0.157      0.026      0.201     -0.160      0.027      0.002      0.000      0.000      0.998      0.000      0.000      4.000 158
    -0.507     -1.027     -0.325     -1.269     -0.385      0.137     -0.465      0.086      0.143     -0.476      0.089      0.005      0.000      0.000      0.995      0.000      0.000      4.000 159
    -0.664      0.877     -0.430      0.118     -0.812      0.486     -0.567      0.106      0.874     -1.280      0.293      0.323      0.000      0.000      0.677      0.000      0.000      4.000 160
     0.421      0.182      0.078     -0.369     -0.511      0.315     -0.416      0.097      0.332     -0.448      0.105      0.015      0.000      0.000      0.985      0.000      0.000      4.000 161
     0.295      0.297     -0.028      0.216      0.339      0.500     -0.254      0.033      0.501     -0.255      0.034      0.001      0.000      0.000      0.999      0.000      0.000      4.000 162
     0.248     -0.428     -0.923     -0.052     -1.239      0.006     -0.374      0.091      0.044     -0.444      0.109      0.032      0.000      0.000      0.968      0.000      0.000      4.000 163
     2.194     -0.289     -1.352     -1.907      0.399      2.096     -2.563      0.499      2.099     -2.567      0.500      0.000      0.000      0.000      0.000      0.998      0.002      5.000 164
     0.007      0.572     -0.437      0.040     -0.768      0.418     -0.609      0.139      0.490     -0.742      0.174      0.060      0.000      0.000      0.940      0.000      0.000      4.000 165
    -0.638      0.089     -0.664     -0.295     -0.567      0.475     -0.775      0.163      0.514     -0.846      0.182      0.032      0.000      0.000      0.968      0.000      0.000      4.000 166
    -0.666     -0.441      0.214     -0.010     -0.569      0.809     -1.062      0.214      0.967     -1.353      0.291      0.132      0.000      0.000      0.868      0.000      0.000      4.000 167
     0.195     -0.236     -1.363     -0.596      0.589     -0.277      0.533     -0.153     -0.411      0.749     -0.207      0.000      0.000      0.000      0.932      0.001      0.067      4.000 168
     0.021      0.190     -0.303     -0.218      0.465      0.338     -0.114     -0.004      0.338     -0.113     -0.004      0.000      0.000      0.000      0.999      0.000      0.000      4.000 169
    -1.264      0.510      0.322     -1.609      0.688      0.776     -0.840      0.157      0.782     -0.850      0.160      0.004      0.000      0.000      0.996      0.000      0.000      4.000 170
    -0.342      0.564     -0.149      0.189     -1.041      0.293     -0.272      0.034      0.854     -1.303      0.305      0.467      0.000      0.000      0.533      0.000      0.000      4.000 171
    -0.067      0.081      0.113      0.084     -0.190      0.687     -0.748      0.154      0.702     -0.774      0.161      0.012      0.000      0.000      0.988      0.000      0.000      4.000 172
     1.072     -0.010      0.635     -0.999     -0.740      0.034     -0.149      0.053      0.059     -0.195      0.066      0.021      0.000      0.000      0.979      0.000      0.000      4.000 173
     1.655      0.479     -1.192     -1.817     -0.115      2.537     -3.306      0.685      2.575     -3.353      0.695      0.000      0.000      0.000      0.009      0.989      0.002      5.000 174
     0.188      0.317      0.622      0.525      0.374      0.950     -0.728      0.139      0.953     -0.734      0.140      0.003      0.000      0.000      0.997      0.000      0.000      4.000 175
     0.227     -0.583     -0.479      0.846      0.422      0.441     -0.144     -0.011      0.439     -0.140     -0.012      0.000      0.000      0.000      0.999      0.000      0.001      4.000 176
     0.100      0.217     -0.343      0.377      0.073      0.510     -0.392      0.067      0.512     -0.395      0.067      0.001      0.000      0.000      0.999      0.000      0.000      4.000 177
    -1.125      0.821      0.101     -0.326     -0.830      0.249     -0.039     -0.049     -0.023      0.461     -0.181      0.774      0.000      0.000      0.226      0.000      0.000      1.000 178
     1.285      0.290      0.728      0.735      1.345      0.649      0.118     -0.063      0.488      0.378     -0.128      0.000      0.000      0.000      0.918      0.000      0.082      4.000 179
    -0.241      0.040     -0.612     -0.344     -0.385      0.308     -0.478      0.097      0.316     -0.492      0.101      0.007      0.000      0.000      0.993      0.000      0.000      4.000 180
     0.141      0.895      0.805      0.619      1.265      1.098     -0.512      0.072      1.097     -0.511      0.072      0.000      0.000      0.000      0.999      0.000      0.001      4.000 181
     0.822      0.849     -0.822      1.868      0.192      0.519     -0.069     -0.007      0.517     -0.067     -0.008      0.000      0.000      0.000      0.999      0.000      0.001      4.000 182
     0.529      0.507     -0.040     -0.333     -0.853      0.230     -0.389      0.101      0.297     -0.512      0.134      0.055      0.000      0.000      0.945      0.000      0.000      4.000 183
    -0.088      0.064     -0.697     -0.307      0.302      0.177     -0.031     -0.021      0.176     -0.030     -0.022      0.000      0.000      0.000      0.999      0.000      0.000      4.000 184
     0.278      0.315      0.035      0.135     -0.242      0.540     -0.535      0.113      0.549     -0.553      0.118      0.008      0.000      0.000      0.992      0.000      0.000      4.000 185
     0.093      0.567     -0.996     -0.821     -1.388     -0.226     -0.140      0.049     -0.059     -0.446      0.130      0.139      0.000      0.000      0.861      0.000      0.000      4.000 186
     2.198     -0.742     -0.364     -0.065      1.678      1.123     -1.134      0.283      1.112     -1.124      0.282      0.000      0.000      0.000      0.001      0.006      0.993      6.000 187
    -1.066      0.295     -0.486     -0.707     -0.327      0.613     -0.925      0.191      0.665     -1.020      0.216      0.043      0.000      0.000      0.957      0.000      0.000      4.000 188
     0.853      0.683     -0.480      0.223     -0.480      0.122     -0.050      0.018      0.126     -0.057      0.020      0.003      0.000      0.000      0.997      0.000      0.000      4.000 189
     0.673      0.475      0.294     -1.135     -0.054      0.053      0.031     -0.003      0.055      0.027     -0.002      0.002      0.000      0.000      0.998      0.000      0.000      4.000 190
     1.058      0.610      1.247      0.780      0.787      0.919     -0.348      0.055      0.919     -0.349      0.055      0.000      0.000      0.000      0.999      0.000      0.000      4.000 191
     1.908      1.783      1.576      1.351      1.707      1.041      0.074     -0.042      0.930      0.254     -0.087      0.000      0.000      0.000      0.943      0.000      0.057      4.000 192
    -0.129     -0.505     -0.611      1.352      1.744      1.223     -0.851      0.141      0.643      0.156     -0.123      0.000      0.000      0.050      0.679      0.000      0.271      4.000 193
     0.873      0.256      0.800      0.126      0.696      0.549     -0.080     -0.006      0.547     -0.078     -0.007      0.000      0.000      0.000      0.999      0.000      0.001      4.000 194
     1.278      1.792      0.581     -0.946      0.096      0.096      0.216     -0.028      0.099      0.212     -0.026      0.002      0.000      0.000      0.997      0.000      0.000      4.000 195
     1.290      0.568      0.008      0.174      0.723      0.094      0.498     -0.131      0.037      0.590     -0.154      0.000      0.000      0.000      0.971      0.000      0.029      4.000 196
     0.560     -0.453      0.818     -0.159     -0.306      0.579     -0.614      0.131      0.594     -0.642      0.138      0.012      0.000      0.000      0.988      0.000      0.000      4.000 197
     1.146      0.410      0.001      0.410      0.428      0.190      0.288     -0.082      0.183      0.300     -0.085      0.000      0.000      0.000      0.996      0.000      0.004      4.000 198
    -0.695     -0.028     -0.285     -2.847     -0.636     -0.200     -0.303      0.076     -0.159     -0.378      0.096      0.034      0.000      0.000      0.966      0.000      0.000      4.000 199
    -0.519      0.507     -0.639     -0.360     -1.439     -0.230      0.224     -0.082     -0.655      1.006     -0.287      0.646      0.000      0.000      0.354      0.000      0.000      1.000 200
     0.607      0.382     -0.131     -0.642      0.445      0.022      0.295     -0.083      0.017      0.302     -0.085      0.000      0.000      0.000      0.998      0.000      0.002      4.000 201
     0.183      0.553      0.450     -0.372     -0.528      0.556     -0.658      0.150      0.656     -0.841      0.198      0.083      0.000      0.000      0.917      0.000      0.000      4.000 202
     0.021     -0.177     -0.024      0.079      0.281      0.537     -0.396      0.060      0.538     -0.398      0.060      0.001      0.000      0.000      0.999      0.000      0.000      4.000 203
    -0.969     -1.123     -0.641     -0.982     -0.644      0.282     -0.782      0.155      0.321     -0.832      0.167      0.019      0.007      0.000      0.974      0.000      0.000      4.000 204
    -1.245      0.265     -0.571      0.265      0.039      0.995     -1.166      0.228      1.014     -1.201      0.237      0.016      0.000      0.000      0.984      0.000      0.000      4.000 205
    -0.041      0.737     -0.488     -0.509      1.113      0.230      0.240     -0.093      0.203      0.284     -0.104      0.000      0.000      0.000      0.986      0.000      0.014      4.000 206
     0.225      0.244      0.035      0.700      0.158      0.730     -0.550      0.101      0.732     -0.554      0.102      0.002      0.000      0.000      0.998      0.000      0.000      4.000 207
     0.885     -0.855     -0.959      0.178     -1.074     -0.256      0.070     -0.012     -0.253      0.064     -0.011      0.003      0.000      0.000      0.997      0.000      0.000      4.000 208
    -0.296      0.780     -0.757     -0.502     -0.584      0.283     -0.506      0.116      0.315     -0.565      0.132      0.027      0.000      0.000      0.973      0.000      0.000      4.000 209
     0.730      0.184      0.790     -0.184     -0.193      0.542     -0.477      0.107      0.554     -0.499      0.113      0.010      0.000      0.000      0.990      0.000      0.000      4.000 210
     0.253      1.899     -0.813      0.181     -0.580      0.343     -0.364      0.097      0.383     -0.437      0.116      0.033      0.000      0.000      0.967      0.000      0.000      4.000 211
     2.449      0.718      1.058      1.031      0.292      0.309      0.389     -0.085      0.302      0.400     -0.088      0.000      0.000      0.000      0.996      0.000      0.003      4.000 212
    -0.143      0.599     -0.364     -0.345      0.194      0.405     -0.318      0.054      0.406     -0.321      0.054      0.001      0.000      0.000      0.999      0.000      0.000      4.000 213
     2.157      0.531      1.653     -0.221      0.769      0.255      0.461     -0.108      0.237      0.490     -0.115      0.000      0.000      0.000      0.991      0.000      0.009      4.000 214
    -0.087     -0.587     -0.022      0.534      0.222      0.702     -0.596      0.097      0.703     -0.598      0.098      0.001      0.000      0.000      0.999      0.000      0.000      4.000 215
    -0.297      0.097      0.644     -0.174      0.606      0.915     -0.752      0.135      0.917     -0.756      0.136      0.002      0.000      0.000      0.998      0.000      0.000      4.000 216
     0.468      0.351     -0.689      0.083     -0.636      0.132     -0.212      0.051      0.139     -0.225      0.055      0.006      0.000      0.000      0.994      0.000      0.000      4.000 217
    -0.391      0.933     -0.233      0.158     -1.616     -0.220      0.480     -0.154     -0.297      0.622     -0.191      0.936      0.000      0.000      0.064      0.000      0.000      1.000 218
     0.306      0.441     -2.218     -0.143     -0.842     -0.533      0.397     -0.085     -0.537      0.402     -0.086      0.001      0.000      0.000      0.998      0.001      0.000      4.000 219
     1.328      0.495     -0.585      0.112     -0.501     -0.202      0.361     -0.071     -0.204      0.363     -0.071      0.001      0.000      0.000      0.998      0.001      0.000      4.000 220
     1.364      0.313      1.672     -0.521      0.095      0.533     -0.276      0.068      0.539     -0.287      0.071      0.005      0.000      0.000      0.995      0.000      0.000      4.000 221
     0.609      0.752      0.940      2.057      0.585      1.449     -0.967      0.187      1.452     -0.973      0.188      0.003      0.000      0.000      0.997      0.000      0.000      4.000 222
     0.545      0.757      1.680      0.518      2.000      1.230     -0.322      0.016      1.210     -0.288      0.008      0.000      0.000      0.000      0.989      0.000      0.011      4.000 223
     3.076      1.303     -0.065     -0.536      0.712      2.844     -2.935      0.601      2.888     -2.980      0.607      0.000      0.000      0.000      0.002      0.978      0.020      5.000 224
     0.632     -0.419     -0.171      0.584      0.785      0.322      0.171     -0.082      0.294      0.217     -0.094      0.000      0.000      0.000      0.985      0.000      0.015      4.000 225
     0.098     -0.228     -0.916     -0.518     -0.912     -0.052     -0.255      0.061     -0.039     -0.280      0.068      0.011      0.000      0.000      0.989      0.000      0.000      4.000 226
     0.716      0.428     -0.034     -0.771      0.206     -0.012      0.246     -0.063     -0.013      0.248     -0.063      0.000      0.000      0.000      0.999      0.000      0.001      4.000 227
    -0.269     -0.710     -0.431     -0.939     -1.533     -0.212     -0.160      0.025      0.201     -0.919      0.224      0.343      0.000      0.000      0.656      0.000      0.000      4.000 228
     0.985     -0.700     -0.046      0.587      0.209      0.195      0.140     -0.060      0.191      0.147     -0.061      0.000      0.000      0.000      0.998      0.000      0.002      4.000 229
     0.359      0.096     -1.448      0.875      0.282      0.040      0.294     -0.100      0.026      0.317     -0.106      0.000      0.000      0.000      0.993      0.000      0.007      4.000 230
     0.127     -0.469     -0.070     -0.366      0.537      0.270     -0.033     -0.029      0.268     -0.030     -0.030      0.000      0.000      0.000      0.999      0.000      0.001      4.000 231
     0.139     -0.584      0.617     -0.381      0.289      0.573     -0.474      0.079      0.574     -0.476      0.080      0.001      0.000      0.000      0.999      0.000      0.000      4.000 232
     0.084      0.503      0.565      0.082      0.676      0.826     -0.521      0.088      0.827     -0.523      0.088      0.001      0.000      0.000      0.999      0.000      0.000      4.000 233
     0.609      0.203      0.719      0.906      0.260      0.919     -0.638      0.122      0.922     -0.644      0.124      0.003      0.000      0.000      0.997      0.000      0.000      4.000 234
     1.532     -1.669      0.195     -0.808      1.465      1.305     -1.624      0.388      1.343     -1.688      0.404      0.000      0.000      0.000      0.021      0.002      0.977      6.000 235
     0.233      1.323      0.381     -0.916      0.279      0.444     -0.287      0.064      0.449     -0.295      0.066      0.004      0.000      0.000      0.996      0.000      0.000      4.000 236
     0.825      1.673      0.990      0.901      0.217      1.084     -0.731      0.164      1.105     -0.769      0.174      0.017      0.000      0.000      0.983      0.000      0.000      4.000 237
     1.548      1.120      0.776     -0.355      1.148      0.239      0.493     -0.123      0.120      0.685     -0.171      0.000      0.000      0.000      0.940      0.000      0.060      4.000 238
     0.291     -0.216      0.111     -1.075      0.718      0.056      0.247     -0.086      0.048      0.260     -0.089      0.000      0.000      0.000      0.996      0.000      0.004      4.000 239
     0.258      1.323      0.268      0.644      0.167      0.910     -0.697      0.148      0.921     -0.717      0.153      0.009      0.000      0.000      0.991      0.000      0.000      4.000 240
     1.781      1.262      0.384     -0.355     -0.620     -0.051      0.215     -0.014     -0.042      0.198     -0.010      0.009      0.000      0.000      0.991      0.000      0.000      4.000 241
     0.900      1.366     -0.711     -0.956      1.704      1.363     -1.529      0.382      1.495     -1.752      0.440      0.000      0.000      0.000      0.076      0.009      0.916      6.000 242
    -0.541      0.038     -0.049     -0.698     -0.999      0.214     -0.406      0.071      0.634     -1.179      0.274      0.350      0.000      0.000      0.650      0.000      0.000      4.000 243
     0.988      0.383     -1.181      2.476      3.576      1.186     -1.297      0.453      1.185     -1.297      0.453      0.000      0.000      1.000      0.000      0.000      0.000      3.000 244
     2.290     -0.583      1.205     -0.628      0.928      0.433     -0.073      0.024     -0.300      1.092     -0.266      0.000      0.000      0.000      0.639      0.013      0.347      4.000 245
    -0.054      1.067     -0.537      1.685      0.807      0.986     -0.496      0.068      0.985     -0.495      0.068      0.000      0.000      0.000      0.999      0.000      0.000      4.000 246
     0.194      0.763      0.310      0.676     -0.238      0.904     -0.862      0.186      0.946     -0.938      0.207      0.035      0.000      0.000      0.965      0.000      0.000      4.000 247
    -1.726      0.247     -1.043     -0.495      1.143      0.696     -0.554      0.059      0.696     -0.553      0.059      0.000      0.000      0.000      0.999      0.000      0.000      4.000 248
     1.226      3.621     -0.640     -0.968      2.106      1.610     -1.521      0.397      1.589     -1.549      0.414      0.000      0.000      0.000      0.037      0.048      0.915      6.000 249
    -0.015     -0.172     -1.066     -0.898      0.539     -0.242      0.466     -0.139     -0.268      0.508     -0.149      0.000      0.000      0.000      0.987      0.000      0.013      4.000 250
     3.130      1.864     -1.140      1.389      1.714      1.321     -0.903      0.239      1.090     -0.684      0.209      0.000      0.000      0.000      0.000      0.120      0.880      6.000 251
     1.340     -0.582     -1.233     -2.226          *      2.314     -3.166      0.644      2.447     -3.326      0.675      0.000      0.000      0.000      0.021      0.953      0.026      5.000 252
     0.483      0.691     -0.509     -2.014      0.339     -0.486      0.675     -0.156     -0.521      0.723     -0.166      0.000      0.000      0.000      0.988      0.007      0.005      4.000 253
     2.216      0.000      1.900      1.309      3.482      1.597     -1.701      0.572      1.581     -1.698      0.574      0.000      0.000      0.984      0.000      0.000      0.016      3.000 254
     1.380      0.791      0.801      0.313      0.473      0.445      0.071     -0.024      0.444      0.073     -0.025      0.000      0.000      0.000      0.999      0.000      0.001      4.000 255
     0.415      0.190      0.211     -0.352     -0.131      0.374     -0.338      0.070      0.379     -0.346      0.072      0.004      0.000      0.000      0.996      0.000      0.000      4.000 256
     0.812      0.255      1.284      0.555      0.319      0.962     -0.659      0.132      0.967     -0.668      0.135      0.004      0.000      0.000      0.996      0.000      0.000      4.000 257
    -0.838     -0.771      0.698     -0.595     -1.647     -0.067      0.113     -0.089     -0.099      0.172     -0.105      0.974      0.000      0.000      0.026      0.000      0.000      1.000 258
     1.200     -0.150     -0.853     -1.398     -0.883     -0.598      0.422     -0.078     -0.824      0.711     -0.138      0.001      0.000      0.000      0.941      0.058      0.000      4.000 259
     2.109      1.479      1.666      0.525      0.430      0.643      0.003      0.010      0.644      0.001      0.010      0.001      0.000      0.000      0.998      0.000      0.000      4.000 260
    -1.580      0.534     -1.696     -0.034     -2.431     -0.452      0.228     -0.100     -0.460      0.243     -0.104      0.993      0.000      0.000      0.007      0.000      0.000      1.000 261
     1.004      0.043      0.305     -0.030     -0.971      0.230     -0.354      0.096      0.289     -0.462      0.124      0.049      0.000      0.000      0.951      0.000      0.000      4.000 262
     1.068      0.010     -0.401      0.311      0.116     -0.015      0.354     -0.095     -0.021      0.363     -0.098      0.000      0.000      0.000      0.997      0.000      0.003      4.000 263
     0.259      0.073      0.034     -0.818      0.249      0.177     -0.042     -0.007      0.177     -0.042     -0.007      0.001      0.000      0.000      0.999      0.000      0.000      4.000 264
    -0.091      1.181      0.209      0.879     -0.005      1.096     -0.995      0.211      1.135     -1.066      0.229      0.032      0.000      0.000      0.968      0.000      0.000      4.000 265
     0.190     -0.409      0.452      0.068      1.605      0.677     -0.060     -0.047      0.562      0.126     -0.094      0.000      0.000      0.000      0.941      0.000      0.059      4.000 266
     0.486      0.058     -1.136      0.526     -1.041      0.056     -0.254      0.063      0.070     -0.279      0.070      0.011      0.000      0.000      0.989      0.000      0.000      4.000 267
    -0.173      0.215      0.166     -0.659     -0.534      0.488     -0.703      0.155      0.561     -0.838      0.191      0.061      0.000      0.000      0.939      0.000      0.000      4.000 268
    -0.083      0.273      0.641      0.900      0.524      1.199     -0.956      0.180      1.203     -0.963      0.182      0.003      0.000      0.000      0.997      0.000      0.000      4.000 269
    -0.444      0.134     -0.386      1.249      1.524      0.967     -0.342      0.003      0.944     -0.304     -0.006      0.000      0.000      0.000      0.988      0.000      0.012      4.000 270
     0.350      0.139     -1.729      0.437     -0.920     -0.169      0.011     -0.001     -0.166      0.005      0.000      0.003      0.000      0.000      0.997      0.000      0.000      4.000 271
     0.070      0.635     -2.558      0.504     -0.115     -0.373      0.536     -0.142     -0.386      0.557     -0.147      0.000      0.000      0.000      0.994      0.000      0.006      4.000 272
    -0.017      1.223      0.860      0.757     -0.009      1.232     -1.081      0.229      1.361     -1.318      0.291      0.107      0.000      0.000      0.893      0.000      0.000      4.000 273
     0.950      0.270     -1.170     -0.002      0.606     -0.035      0.353     -0.093     -0.426      0.975     -0.248      0.000      0.000      0.000      0.807      0.006      0.187      4.000 274
     0.236      0.735     -0.853     -0.547     -0.799     -0.007     -0.195      0.057      0.013     -0.232      0.067      0.017      0.000      0.000      0.983      0.000      0.000      4.000 275
    -0.094      0.643      0.297      0.035     -0.038      0.812     -0.806      0.170      0.833     -0.845      0.180      0.018      0.000      0.000      0.982      0.000      0.000      4.000 276
     0.040     -0.227     -0.338     -0.406      0.026      0.231     -0.202      0.025      0.231     -0.203      0.025      0.001      0.000      0.000      0.999      0.000      0.000      4.000 277
     0.777      0.206     -0.673      0.159     -0.085     -0.024      0.231     -0.063     -0.026      0.233     -0.063      0.000      0.000      0.000      0.999      0.000      0.001      4.000 278
     0.301      0.417     -0.073      0.264      0.587      0.492     -0.135      0.001      0.491     -0.133      0.000      0.000      0.000      0.000      0.999      0.000      0.001      4.000 279
     0.788     -0.663      0.850     -0.512      0.636      0.301      0.059     -0.043      0.298      0.064     -0.045      0.000      0.000      0.000      0.998      0.000      0.002      4.000 280
     0.117      0.968     -0.600     -0.062      0.117      0.315     -0.165      0.025      0.317     -0.167      0.026      0.001      0.000      0.000      0.999      0.000      0.000      4.000 281
     0.980     -0.755     -0.517      0.143      0.445     -0.112      0.495     -0.142     -0.194      0.626     -0.175      0.000      0.000      0.000      0.959      0.000      0.041      4.000 282
    -2.205     -2.280     -1.476     -1.921     -1.138     -2.196      0.096      0.037     -2.200      0.098      0.037      0.000      0.998      0.000      0.002      0.000      0.000      2.000 283
     0.027      0.098     -0.459     -0.035     -0.345      0.361     -0.446      0.090      0.367     -0.458      0.093      0.005      0.000      0.000      0.995      0.000      0.000      4.000 284
     1.376     -0.008      0.334     -0.646      0.310     -0.156      0.546     -0.131     -0.170      0.568     -0.136      0.000      0.000      0.000      0.994      0.001      0.006      4.000 285
     1.115      0.360     -0.531     -0.619     -0.380     -0.342      0.456     -0.094     -0.348      0.463     -0.095      0.001      0.000      0.000      0.998      0.001      0.000      4.000 286
    -0.406      0.454     -0.962      0.145     -0.492      0.435     -0.621      0.130      0.451     -0.651      0.138      0.013      0.000      0.000      0.987      0.000      0.000      4.000 287
     0.168     -0.513     -0.985     -0.750     -0.545     -0.238      0.068     -0.023     -0.236      0.066     -0.022      0.001      0.000      0.000      0.999      0.000      0.000      4.000 288
    -1.007     -0.531     -1.004     -2.116     -0.876     -0.180     -0.436      0.096     -0.132     -0.508      0.114      0.030      0.005      0.000      0.965      0.000      0.000      4.000 289
    -0.110     -1.069     -0.130      0.245     -0.299      0.543     -0.677      0.125      0.547     -0.686      0.127      0.004      0.000      0.000      0.996      0.000      0.000      4.000 290
    -0.449     -0.220      0.428     -0.617      0.340      0.719     -0.719      0.132      0.723     -0.726      0.134      0.003      0.000      0.000      0.997      0.000      0.000      4.000 291
     0.927      0.390      0.278      0.409      0.161      0.427     -0.117      0.015      0.428     -0.118      0.015      0.001      0.000      0.000      0.999      0.000      0.000      4.000 292
     0.019      1.154     -0.288      0.282     -0.093      0.644     -0.584      0.125      0.656     -0.606      0.131      0.010      0.000      0.000      0.990      0.000      0.000      4.000 293
    -0.015     -0.889     -0.408     -0.325      0.227      0.168     -0.081     -0.017      0.168     -0.080     -0.018      0.000      0.000      0.000      0.999      0.000      0.001      4.000 294
    -0.032     -0.190     -1.066     -0.540     -0.364     -0.085     -0.029     -0.006     -0.084     -0.031     -0.005      0.001      0.000      0.000      0.999      0.000      0.000      4.000 295
     0.397      0.249     -0.789      0.330     -0.085      0.165     -0.025     -0.010      0.165     -0.025     -0.010      0.001      0.000      0.000      0.999      0.000      0.000      4.000 296
     0.742     -0.116     -0.503     -0.459     -0.275     -0.163      0.232     -0.057     -0.163      0.232     -0.057      0.001      0.000      0.000      0.999      0.000      0.000      4.000 297
    -0.557     -1.379     -1.104     -2.134     -0.698     -0.534      0.034     -0.018     -0.501      0.014     -0.014      0.002      0.013      0.000      0.985      0.000      0.000      4.000 298
    -0.202     -0.088      0.221      0.091      0.048      0.777     -0.785      0.153      0.784     -0.799      0.157      0.006      0.000      0.000      0.994      0.000      0.000      4.000 299
     0.164      0.199      0.099     -0.273     -0.268      0.471     -0.530      0.113      0.483     -0.552      0.119      0.010      0.000      0.000      0.990      0.000      0.000      4.000 300
     0.712      1.381     -0.772      1.161      0.360      0.402      0.066     -0.032      0.400      0.069     -0.033      0.000      0.000      0.000      0.999      0.000      0.001      4.000 301
     1.108     -0.752     -0.408     -0.007      1.792      1.591     -1.779      0.414      1.619     -1.820      0.424      0.000      0.000      0.003      0.013      0.000      0.984      6.000 302
    -0.050      0.389      0.014      0.524     -0.187      0.812     -0.826      0.171      0.831     -0.860      0.180      0.016      0.000      0.000      0.984      0.000      0.000      4.000 303
     0.704      0.076      0.054     -0.264      0.282      0.163      0.113     -0.043      0.161      0.115     -0.043      0.000      0.000      0.000      0.999      0.000      0.001      4.000 304
     0.356     -0.868     -0.435     -0.863     -0.769     -0.142     -0.120      0.026     -0.137     -0.129      0.029      0.004      0.000      0.000      0.996      0.000      0.000      4.000 305
     2.609      0.281      0.533     -0.043      0.050     -0.023      0.493     -0.105     -0.410      1.005     -0.215      0.000      0.000      0.000      0.889      0.088      0.024      4.000 306
    -0.009     -0.335     -0.398     -0.561      0.160      0.155     -0.091     -0.005      0.155     -0.091     -0.005      0.000      0.000      0.000      0.999      0.000      0.000      4.000 307
    -0.729      0.553      0.605     -0.804     -0.985      0.028      0.213     -0.101     -0.162      0.562     -0.193      0.842      0.000      0.000      0.158      0.000      0.000      1.000 308
    -0.198      0.247     -0.267     -0.113      0.453      0.500     -0.323      0.042      0.501     -0.324      0.042      0.000      0.000      0.000      0.999      0.000      0.000      4.000 309
     0.054     -0.763      0.434     -0.219      0.037      0.580     -0.587      0.107      0.582     -0.593      0.108      0.002      0.000      0.000      0.998      0.000      0.000      4.000 310
     0.447      1.107     -0.219      1.500     -0.401      0.879     -0.773      0.170      0.912     -0.832      0.186      0.027      0.000      0.000      0.973      0.000      0.000      4.000 311
    -0.064      0.432     -0.093     -0.327      0.463      0.463     -0.268      0.035      0.463     -0.268      0.035      0.001      0.000      0.000      0.999      0.000      0.000      4.000 312
    -0.412     -0.043     -0.201      0.032      0.127      0.667     -0.672      0.123      0.670     -0.678      0.125      0.003      0.000      0.000      0.997      0.000      0.000      4.000 313
     1.227      0.694     -0.412     -0.823      0.098     -0.368      0.681     -0.151     -0.410      0.738     -0.164      0.000      0.000      0.000      0.986      0.008      0.005      4.000 314
    -1.017      0.944      0.548      0.259      0.105      1.298     -1.291      0.258      1.485     -1.635      0.348      0.156      0.000      0.000      0.844      0.000      0.000      4.000 315
     0.797      1.190      0.712     -0.228      0.457      0.539     -0.171      0.033      0.541     -0.173      0.034      0.001      0.000      0.000      0.999      0.000      0.000      4.000 316
     0.366      0.174     -0.111     -0.231      0.779      0.246      0.167     -0.071      0.237      0.182     -0.075      0.000      0.000      0.000      0.995      0.000      0.005      4.000 317
     1.875      1.191      1.328     -0.268      0.031      0.322      0.078      0.002      0.325      0.071      0.004      0.003      0.000      0.000      0.997      0.000      0.000      4.000 318
    -0.194      0.071     -0.857      0.337     -0.976      0.382     -0.679      0.149      0.453     -0.811      0.184      0.059      0.000      0.000      0.941      0.000      0.000      4.000 319
     0.658      0.536     -0.844      0.257     -0.338      0.037      0.065     -0.017      0.038      0.063     -0.016      0.001      0.000      0.000      0.999      0.000      0.000      4.000 320
    -0.491     -0.516     -0.217     -0.083     -0.158      0.620     -0.776      0.148      0.628     -0.789      0.152      0.006      0.000      0.000      0.994      0.000      0.000      4.000 321
    -0.122     -0.051      0.287     -0.033      0.279      0.721     -0.630      0.114      0.723     -0.635      0.116      0.002      0.000      0.000      0.998      0.000      0.000      4.000 322
     0.296      1.847      0.036      0.697      1.303      0.807     -0.101     -0.012      0.800     -0.091     -0.015      0.000      0.000      0.000      0.996      0.000      0.003      4.000 323
     0.243      0.248      0.260     -1.239     -0.443      0.187     -0.352      0.086      0.209     -0.392      0.097      0.018      0.000      0.000      0.982      0.000      0.000      4.000 324
    -0.231      1.173      0.529     -0.825     -0.617      0.345     -0.282      0.050      0.808     -1.132      0.273      0.385      0.000      0.000      0.615      0.000      0.000      4.000 325
     0.112      0.211      0.409      0.518      0.281      0.881     -0.705      0.133      0.884     -0.712      0.135      0.003      0.000      0.000      0.997      0.000      0.000      4.000 326
     1.977      0.805      1.087      1.212      0.073      0.622     -0.102      0.027      0.623     -0.105      0.027      0.002      0.000      0.000      0.998      0.000      0.000      4.000 327
     0.732      0.816     -0.343     -0.534      0.809     -0.029      0.526     -0.139     -0.078      0.604     -0.159      0.000      0.000      0.000      0.975      0.000      0.024      4.000 328
     0.755      0.624      0.392     -0.569      0.427      0.239      0.088     -0.030      0.239      0.089     -0.031      0.000      0.000      0.000      0.999      0.000      0.001      4.000 329
     0.232      1.336      0.998      0.672      0.604      1.242     -0.894      0.183      1.251     -0.910      0.187      0.007      0.000      0.000      0.993      0.000      0.000      4.000 330
     0.099      0.227     -0.285      0.594     -0.408      0.628     -0.686      0.144      0.644     -0.716      0.152      0.013      0.000      0.000      0.987      0.000      0.000      4.000 331
     0.273      0.801      0.561     -0.092      0.692      0.708     -0.355      0.057      0.709     -0.357      0.057      0.001      0.000      0.000      0.999      0.000      0.000      4.000 332
     1.324      0.480      0.128      0.296      0.229      0.142      0.286     -0.073      0.138      0.291     -0.074      0.000      0.000      0.000      0.998      0.000      0.002      4.000 333
     0.202      0.431      0.239      0.142      0.101      0.666     -0.549      0.109      0.671     -0.558      0.111      0.004      0.000      0.000      0.996      0.000      0.000      4.000 334
     2.905      0.488     -1.624     -1.826      1.110      1.704     -1.681      0.295      1.705     -1.682      0.295      0.000      0.000      0.000      0.000      0.999      0.001      5.000 335
     1.189      0.929      0.017      0.797      0.465      0.360      0.181     -0.055      0.355      0.188     -0.057      0.000      0.000      0.000      0.998      0.000      0.002      4.000 336
     0.131     -0.364     -0.676      0.864     -0.740      0.483     -0.652      0.135      0.498     -0.680      0.143      0.013      0.000      0.000      0.987      0.000      0.000      4.000 337
     1.146      0.599      0.288     -0.702      0.878     -0.003      0.559     -0.142     -0.070      0.667     -0.170      0.000      0.000      0.000      0.966      0.001      0.033      4.000 338
     0.766      0.109     -0.128     -0.046     -0.334      0.162     -0.100      0.021      0.165     -0.105      0.022      0.002      0.000      0.000      0.998      0.000      0.000      4.000 339
     0.373     -0.075      0.035      0.269      0.308      0.471     -0.232      0.025      0.471     -0.232      0.025      0.000      0.000      0.000      0.999      0.000      0.000      4.000 340
    -0.232      0.589     -0.121      1.804      0.071      1.281     -1.149      0.228      1.295     -1.175      0.235      0.012      0.000      0.000      0.988      0.000      0.000      4.000 341
     0.509      0.181      0.063      0.469      0.037      0.531     -0.355      0.064      0.533     -0.359      0.065      0.002      0.000      0.000      0.998      0.000      0.000      4.000 342
    -0.355     -1.116     -0.522      0.025     -1.365      0.240     -0.670      0.135      0.472     -1.094      0.246      0.192      0.000      0.000      0.808      0.000      0.000      4.000 343
     2.844      0.343      0.230     -1.201      0.006      2.799     -3.300      0.692      2.848     -3.360      0.705      0.000      0.000      0.000      0.011      0.986      0.003      5.000 344
     0.452      0.467      0.637     -0.995      0.398      0.334     -0.125      0.018      0.335     -0.127      0.018      0.001      0.000      0.000      0.999      0.000      0.000      4.000 345
     0.014     -0.247     -1.159     -0.492     -0.119     -0.153      0.154     -0.055     -0.154      0.155     -0.055      0.000      0.000      0.000      0.999      0.000      0.000      4.000 346
    -0.640     -0.124      0.252      0.752      0.046      1.201     -1.259      0.249      1.226     -1.305      0.261      0.021      0.000      0.000      0.979      0.000      0.000      4.000 347
     0.063      0.266     -0.521     -0.326      0.108      0.212     -0.116      0.008      0.213     -0.117      0.008      0.001      0.000      0.000      0.999      0.000      0.000      4.000 348
     0.361      0.681     -0.132      0.862     -0.023      0.701     -0.534      0.107      0.706     -0.542      0.109      0.004      0.000      0.000      0.996      0.000      0.000      4.000 349
     1.205      0.653      1.381      0.527     -0.366      0.830     -0.659      0.156      0.903     -0.792      0.191      0.060      0.000      0.000      0.940      0.000      0.000      4.000 350
    -0.209     -0.861     -0.058     -1.083     -0.083      0.184     -0.324      0.051      0.186     -0.327      0.052      0.002      0.000      0.000      0.998      0.000      0.000      4.000 351
     1.157     -0.933      0.063      0.205      0.156      0.015      0.302     -0.092      0.008      0.313     -0.095      0.000      0.000      0.000      0.996      0.000      0.004      4.000 352
     2.075      0.589      0.264      0.883      0.549      0.129      0.570     -0.137      0.035      0.720     -0.174      0.000      0.000      0.000      0.953      0.001      0.046      4.000 353
     0.826      0.761      0.609      0.512      0.010      0.705     -0.475      0.103      0.712     -0.488      0.107      0.006      0.000      0.000      0.994      0.000      0.000      4.000 354
     0.257      0.007      0.075     -0.115      0.899      0.394      0.037     -0.049      0.386      0.050     -0.052      0.000      0.000      0.000      0.996      0.000      0.004      4.000 355
     2.169      0.634      0.505     -0.271      0.428     -0.119      0.702     -0.155     -0.277      0.929     -0.207      0.000      0.000      0.000      0.941      0.022      0.037      4.000 356
     1.088     -0.057      0.859     -0.382      0.267      0.294      0.008     -0.012      0.294      0.008     -0.012      0.001      0.000      0.000      0.999      0.000      0.000      4.000 357
     0.113      0.627     -0.399      0.361      1.467      0.563      0.061     -0.064      0.430      0.275     -0.118      0.000      0.000      0.000      0.932      0.000      0.068      4.000 358
     0.738      1.532      0.163      0.515      0.713      0.591     -0.053     -0.004      0.590     -0.051     -0.005      0.000      0.000      0.000      0.999      0.000      0.001      4.000 359
     0.099      0.139      0.630      0.322      0.760      0.886     -0.544      0.085      0.886     -0.544      0.085      0.001      0.000      0.000      0.999      0.000      0.000      4.000 360
     0.040      0.900      0.040     -0.573      0.871      0.419     -0.042     -0.019      0.417     -0.039     -0.019      0.000      0.000      0.000      0.999      0.000      0.001      4.000 361
