     0.751      1.605      0.495      0.494      2.288      1.067     -0.682      0.197      1.140     -1.294      0.414      0.531      0.000      0.469      1.000   1
     1.511      0.669      0.933      0.009     -0.421      0.189      0.049      0.007      0.189      0.049      0.007      0.000      0.000      1.000      3.000   2
    -0.063     -0.122      0.017     -0.391     -0.175      0.398     -0.413      0.071      0.398     -0.413      0.071      0.000      0.000      1.000      3.000   3
     0.249      0.656      0.000      0.171     -0.212      0.466     -0.348      0.067      0.466     -0.348      0.067      0.000      0.000      1.000      3.000   4
     0.559      0.868     -0.930     -0.100      0.151     -0.066      0.269     -0.065     -0.071      0.275     -0.066      0.000      0.001      0.999      3.000   5
    -0.546     -0.361     -0.282     -0.925      0.000      0.325     -0.429      0.065      0.325     -0.429      0.065      0.000      0.000      1.000      3.000   6
    -0.702      0.357     -1.303     -0.894     -0.294     -0.031     -0.168      0.021     -0.031     -0.168      0.021      0.000      0.000      1.000      3.000   7
     0.096     -0.409      0.537      0.241      0.142      0.804     -0.648      0.108      0.804     -0.648      0.108      0.000      0.000      1.000      3.000   8
     2.392      0.949      0.345     -0.496      2.170      2.944     -2.659      0.540      3.160     -2.877      0.578      0.040      0.934      0.026      2.000   9
     0.525     -0.386      0.225     -0.913      0.274      0.104      0.019     -0.022      0.103      0.019     -0.022      0.000      0.000      1.000      3.000  10
     0.250      1.282     -0.122      0.110      0.297      0.492     -0.200      0.032      0.492     -0.200      0.032      0.000      0.000      1.000      3.000  11
     1.075      0.071     -0.343      0.719     -0.095      0.169      0.076     -0.027      0.169      0.077     -0.027      0.000      0.000      1.000      3.000  12
     0.480      0.866      0.468      0.081      0.835      0.692     -0.228      0.025      0.692     -0.227      0.025      0.001      0.000      0.999      3.000  13
    -0.339      0.445      0.403     -0.178     -0.296      0.740     -0.745      0.147      0.740     -0.745      0.147      0.000      0.000      1.000      3.000  14
     0.131      0.406      0.483      0.213      0.998      0.915     -0.470      0.062      0.915     -0.465      0.061      0.004      0.000      0.996      3.000  15
    -0.028      0.550     -0.014      0.521      0.425      0.807     -0.520      0.082      0.807     -0.519      0.081      0.000      0.000      1.000      3.000  16
    -0.539      0.709      0.183      0.242      0.395      1.009     -0.798      0.139      1.009     -0.798      0.139      0.000      0.000      1.000      3.000  17
     0.390     -1.484     -0.569      0.466      0.171      0.299     -0.210      0.003      0.298     -0.202      0.000      0.006      0.000      0.994      3.000  18
     0.919      0.254      0.400      0.762      0.835      0.702     -0.170      0.007      0.701     -0.164      0.005      0.004      0.000      0.996      3.000  19
     1.738      0.761     -0.007      1.525      1.789      0.734     -0.490      0.183      0.775     -0.933      0.342      0.647      0.004      0.349      1.000  20
     0.249     -0.083      0.540      0.113     -0.129      0.655     -0.546      0.100      0.655     -0.546      0.100      0.000      0.000      1.000      3.000  21
     0.382      0.792      0.148      0.683     -0.162      0.660     -0.447      0.087      0.660     -0.447      0.087      0.000      0.000      1.000      3.000  22
     0.176      0.170      0.313      0.328     -0.113      0.682     -0.550      0.100      0.682     -0.550      0.100      0.000      0.000      1.000      3.000  23
     0.210      0.457      0.217      0.259      0.320      0.682     -0.416      0.066      0.682     -0.416      0.066      0.000      0.000      1.000      3.000  24
     0.046      0.155     -0.168      0.060     -0.237      0.433     -0.399      0.070      0.433     -0.399      0.070      0.000      0.000      1.000      3.000  25
     0.886     -0.853     -0.114      0.087      0.585      0.209      0.080     -0.049      0.206      0.093     -0.054      0.009      0.000      0.991      3.000  26
     0.700      0.196     -0.170      0.399      0.445      0.378     -0.042     -0.014      0.378     -0.040     -0.015      0.001      0.000      0.999      3.000  27
     1.031      0.094     -0.129     -0.233      0.888      0.109      0.315     -0.090      0.093      0.343     -0.098      0.008      0.004      0.988      3.000  28
     1.023      0.690     -0.300      0.459      0.799      0.281      0.223     -0.068      0.275      0.234     -0.071      0.004      0.001      0.995      3.000  29
    -0.235     -0.014     -1.229     -0.561     -0.220     -0.085     -0.028     -0.012     -0.085     -0.028     -0.012      0.000      0.000      1.000      3.000  30
    -0.329      0.113      0.439      0.468     -0.594      0.925     -0.972      0.192      0.925     -0.972      0.192      0.000      0.000      1.000      3.000  31
     0.367     -0.720      0.156      0.087      0.314      0.500     -0.318      0.035      0.500     -0.317      0.035      0.001      0.000      0.999      3.000  32
     0.451      1.068      1.093     -0.263      0.394      0.762     -0.415      0.081      0.762     -0.415      0.081      0.000      0.000      1.000      3.000  33
     0.108      0.327     -0.603     -0.040      0.207      0.275     -0.127      0.006      0.275     -0.127      0.005      0.000      0.000      1.000      3.000  34
    -0.457     -0.177      0.374      1.209      0.048      1.317     -1.153      0.205      1.317     -1.153      0.205      0.000      0.000      1.000      3.000  35
    -0.644      0.273     -0.092     -0.739     -0.412      0.457     -0.618      0.119      0.457     -0.618      0.119      0.000      0.000      1.000      3.000  36
     0.571      0.039      0.711     -0.807      0.852      0.417     -0.068     -0.010      0.416     -0.066     -0.011      0.001      0.000      0.999      3.000  37
    -0.373     -0.408     -0.237     -0.304     -0.149      0.462     -0.530      0.087      0.462     -0.530      0.087      0.000      0.000      1.000      3.000  38
     0.381      0.135      0.096      0.724      1.794      1.058     -1.083      0.289      1.113     -1.547      0.453      0.645      0.000      0.355      1.000  39
    -0.138      0.148     -0.197      0.110      0.481      0.637     -0.423      0.056      0.637     -0.422      0.056      0.001      0.000      0.999      3.000  40
    -0.357     -0.489     -1.525     -0.451     -0.420     -0.152     -0.067     -0.007     -0.152     -0.067     -0.008      0.000      0.000      1.000      3.000  41
     0.360     -1.211     -0.636     -0.033     -0.995     -0.076     -0.188      0.030     -0.076     -0.188      0.030      0.000      0.000      1.000      3.000  42
    -0.307      0.280     -0.112      0.180     -0.005      0.694     -0.615      0.107      0.694     -0.615      0.107      0.000      0.000      1.000      3.000  43
     0.478     -0.103      0.104      0.357     -0.018      0.487     -0.318      0.049      0.487     -0.318      0.049      0.000      0.000      1.000      3.000  44
     0.347      0.469     -0.417      0.664     -0.976      0.305     -0.374      0.084      0.305     -0.374      0.084      0.000      0.000      1.000      3.000  45
     0.789      0.609      0.368      0.287      0.540      0.537     -0.120      0.008      0.537     -0.120      0.008      0.000      0.000      1.000      3.000  46
     0.813      1.031      0.383     -0.013     -0.086      0.333     -0.087      0.023      0.333     -0.086      0.023      0.000      0.000      1.000      3.000  47
     0.360     -0.832     -1.015     -0.131     -0.079     -0.103      0.094     -0.046     -0.104      0.095     -0.046      0.001      0.000      0.999      3.000  48
     1.945      0.470      1.768      0.567      0.933      0.743      0.000     -0.012      0.743      0.002     -0.013      0.001      0.000      0.999      3.000  49
    -0.504     -1.132     -1.224     -0.673     -0.899     -0.140     -0.282      0.041     -0.140     -0.282      0.041      0.000      0.000      1.000      3.000  50
    -0.623      0.930     -1.248      2.267      1.103      1.345     -0.973      0.171      1.322     -0.780      0.102      0.148      0.000      0.852      3.000  51
     0.735      2.064      0.791      0.517      0.877      0.897     -0.251      0.044      0.897     -0.251      0.044      0.000      0.000      1.000      3.000  52
    -0.097      0.059     -2.214      2.213      0.038      0.498     -0.309      0.023      0.497     -0.298      0.019      0.008      0.000      0.992      3.000  53
     0.711      0.346     -0.071     -0.163     -1.294     -0.067     -0.118      0.047     -0.067     -0.118      0.047      0.000      0.000      1.000      3.000  54
     1.392      0.665     -0.893      1.590     -2.576     -0.268     -0.042      0.057     -0.268     -0.042      0.057      0.000      0.000      1.000      3.000  55
     0.691      2.107     -1.114      1.761      0.294      0.513      0.000     -0.009      0.512      0.001     -0.009      0.000      0.000      1.000      3.000  56
    -0.246      0.060     -0.753      1.636     -0.091      0.914     -0.758      0.125      0.914     -0.757      0.125      0.000      0.000      1.000      3.000  57
    -0.552     -0.421      0.902     -0.719     -1.004      0.704     -1.021      0.213      0.704     -1.021      0.213      0.000      0.000      1.000      3.000  58
     1.003      1.296      1.549     -0.315      0.619      0.724     -0.216      0.045      0.724     -0.216      0.045      0.000      0.000      1.000      3.000  59
     0.246     -0.566     -1.476      0.265     -0.221     -0.111      0.084     -0.043     -0.112      0.085     -0.043      0.000      0.000      0.999      3.000  60
     0.297     -0.843     -0.102      0.709     -0.879      0.454     -0.574      0.108      0.454     -0.574      0.108      0.000      0.000      1.000      3.000  61
    -0.276     -0.197     -0.643      0.127     -1.010      0.277     -0.537      0.107      0.277     -0.537      0.107      0.000      0.000      1.000      3.000  62
     0.705      1.129      0.539      1.434      0.881      1.117     -0.465      0.070      1.117     -0.463      0.070      0.002      0.000      0.998      3.000  63
     0.112      0.493      0.613     -0.032      0.420      0.795     -0.520      0.088      0.795     -0.520      0.088      0.000      0.000      1.000      3.000  64
     0.331      0.751      0.526      0.887      0.673      1.039     -0.567      0.091      1.039     -0.566      0.091      0.001      0.000      0.999      3.000  65
    -0.457      0.275      0.808      0.429     -1.015      1.048     -1.204      0.252      1.048     -1.204      0.252      0.000      0.000      1.000      3.000  66
     0.567      0.930     -0.099     -0.521     -0.018      0.079      0.080     -0.015      0.078      0.081     -0.016      0.000      0.000      1.000      3.000  67
    -0.364     -0.130     -0.730     -0.079     -0.209      0.340     -0.405      0.062      0.340     -0.405      0.062      0.000      0.000      1.000      3.000  68
     0.384      1.463     -0.236      0.451      0.182      0.495     -0.179      0.031      0.495     -0.179      0.031      0.000      0.000      1.000      3.000  69
     1.982      0.043      0.584      0.286      0.544      0.119      0.404     -0.094      0.085      0.446     -0.103      0.001      0.010      0.989      3.000  70
    -0.300      0.359      0.487     -0.584      0.537      0.746     -0.555      0.090      0.746     -0.554      0.090      0.000      0.000      1.000      3.000  71
     0.368     -0.300      0.257      0.199     -0.518      0.454     -0.459      0.088      0.454     -0.459      0.088      0.000      0.000      1.000      3.000  72
     1.056      0.220      0.089      0.491      0.246      0.326      0.021     -0.018      0.325      0.021     -0.019      0.000      0.000      1.000      3.000  73
     0.078      1.046      0.432      0.925      0.941      1.177     -0.642      0.101      1.176     -0.639      0.100      0.002      0.000      0.998      3.000  74
     0.052     -0.204     -0.837     -0.761     -0.314     -0.146      0.027     -0.017     -0.146      0.027     -0.017      0.000      0.000      1.000      3.000  75
    -0.416      0.942     -0.849      1.516     -0.132      0.921     -0.751      0.134      0.921     -0.751      0.134      0.000      0.000      1.000      3.000  76
    -0.019     -0.343     -0.131     -0.433     -0.235      0.290     -0.343      0.055      0.290     -0.342      0.055      0.000      0.000      1.000      3.000  77
     0.971     -0.320     -0.371     -0.283      0.206     -0.106      0.299     -0.079     -0.114      0.308     -0.081      0.000      0.002      0.997      3.000  78
     1.222      0.350     -0.478     -0.560     -0.071     -0.333      0.482     -0.099     -0.395      0.557     -0.114      0.000      0.018      0.982      3.000  79
     1.475     -0.528      0.623      0.364      0.007      0.252      0.038     -0.019      0.251      0.039     -0.019      0.000      0.000      1.000      3.000  80
     0.764      0.363      1.096      0.572     -0.046      0.836     -0.543      0.107      0.836     -0.543      0.107      0.000      0.000      1.000      3.000  81
     1.105      0.480      0.132      0.951     -0.327      0.397     -0.141      0.029      0.397     -0.141      0.029      0.000      0.000      1.000      3.000  82
    -0.426      0.722     -0.054      0.416     -0.314      0.813     -0.779      0.151      0.813     -0.779      0.151      0.000      0.000      1.000      3.000  83
    -0.619     -0.483     -0.583      0.145     -0.208      0.582     -0.675      0.110      0.582     -0.674      0.110      0.000      0.000      1.000      3.000  84
     0.035      1.103      0.664      0.329      0.670      1.032     -0.618      0.107      1.032     -0.618      0.107      0.000      0.000      1.000      3.000  85
     0.949      0.649      0.394      1.127      0.241      0.728     -0.292      0.047      0.728     -0.292      0.047      0.000      0.000      1.000      3.000  86
     0.296     -0.257      0.559      0.719     -0.731      0.756     -0.764      0.153      0.756     -0.764      0.153      0.000      0.000      1.000      3.000  87
     0.436     -0.244      0.724      0.572     -0.153      0.802     -0.637      0.117      0.802     -0.637      0.117      0.000      0.000      1.000      3.000  88
     0.358      0.052     -1.103      0.187      0.473      0.088      0.140     -0.059      0.085      0.147     -0.061      0.004      0.001      0.995      3.000  89
     0.820      0.449     -0.127      0.753      0.848      0.541     -0.032     -0.022      0.540     -0.022     -0.026      0.007      0.000      0.993      3.000  90
     1.507      0.440      0.103     -0.517     -0.243     -0.275      0.454     -0.083     -0.301      0.486     -0.090      0.000      0.008      0.992      3.000  91
     1.009      0.119     -0.247      0.418     -0.084      0.132      0.088     -0.027      0.131      0.089     -0.028      0.000      0.000      1.000      3.000  92
     1.234     -0.492      0.130      0.077     -0.551     -0.029      0.088     -0.018     -0.030      0.089     -0.018      0.000      0.000      1.000      3.000  93
     0.727      0.687      0.338      0.797      0.138      0.670     -0.321      0.056      0.670     -0.321      0.056      0.000      0.000      1.000      3.000  94
     1.702     -0.023      0.637     -0.023     -0.534     -0.055      0.220     -0.033     -0.057      0.223     -0.033      0.000      0.001      0.999      3.000  95
     0.715      1.613      1.153      1.320      0.406      1.248     -0.675      0.133      1.248     -0.675      0.133      0.000      0.000      1.000      3.000  96
     1.144     -0.041     -1.566      0.281      0.666      0.246     -0.054     -0.012     -0.380      0.743     -0.184      0.031      0.186      0.783      3.000  97
     1.508     -1.725      0.408     -1.474      0.423     -0.319      0.429     -0.111     -0.462      0.607     -0.148      0.002      0.043      0.955      3.000  98
     0.493      0.891      0.485      0.318     -0.438      0.571     -0.435      0.096      0.571     -0.435      0.096      0.000      0.000      1.000      3.000  99
     0.709     -0.009     -0.068      0.633     -0.468      0.345     -0.249      0.046      0.345     -0.249      0.046      0.000      0.000      1.000      3.000 100
    -0.272      0.142      0.000     -0.767      0.090      0.398     -0.382      0.062      0.398     -0.382      0.062      0.000      0.000      1.000      3.000 101
    -0.343     -0.204     -0.231     -0.180     -0.422      0.456     -0.570      0.103      0.456     -0.570      0.103      0.000      0.000      1.000      3.000 102
     0.485      0.440     -0.310     -0.482      0.282      0.084      0.110     -0.036      0.083      0.111     -0.036      0.000      0.000      1.000      3.000 103
     0.026      0.772     -0.189     -0.962     -1.015     -0.042     -0.198      0.060     -0.042     -0.198      0.060      0.000      0.000      1.000      3.000 104
     0.690     -1.998     -1.167     -0.889     -1.966     -0.910      0.255     -0.042     -0.911      0.257     -0.042      0.000      0.000      1.000      3.000 105
     1.167      0.235     -0.047      0.051     -0.147      0.004      0.199     -0.043      0.002      0.201     -0.043      0.000      0.001      0.999      3.000 106
    -0.142     -0.341     -0.189     -0.770      0.549      0.329     -0.214      0.012      0.329     -0.212      0.011      0.001      0.000      0.999      3.000 107
     1.265     -0.383      0.508     -0.132      0.313      0.175      0.132     -0.043      0.174      0.135     -0.043      0.000      0.000      0.999      3.000 108
     0.201      0.091     -0.253      0.407      0.704      0.608     -0.273      0.022      0.607     -0.268      0.020      0.005      0.000      0.995      3.000 109
    -0.217     -0.065     -0.748     -0.298     -0.415      0.159     -0.281      0.045      0.159     -0.281      0.045      0.000      0.000      1.000      3.000 110
     0.286      0.437      0.232     -0.503     -0.163      0.305     -0.237      0.046      0.305     -0.237      0.046      0.000      0.000      1.000      3.000 111
    -0.452      0.838     -0.058      1.379     -0.987      1.059     -1.117      0.231      1.059     -1.117      0.231      0.000      0.000      1.000      3.000 112
     1.494      1.141     -0.326      1.602      1.947      0.793     -0.678      0.246      0.818     -0.942      0.341      0.789      0.003      0.208      1.000 113
     1.221      2.735      0.575      0.432      0.531      0.528      0.108     -0.009      0.527      0.109     -0.010      0.000      0.000      1.000      3.000 114
    -0.365      1.127      1.394      1.211     -0.460      1.627     -1.458      0.300      1.627     -1.458      0.300      0.000      0.000      1.000      3.000 115
     0.154      0.519     -0.155      0.049      0.870      0.577     -0.200      0.010      0.576     -0.195      0.008      0.003      0.000      0.997      3.000 116
     0.618     -0.632     -0.498     -0.021     -0.388     -0.019      0.002     -0.014     -0.019      0.003     -0.014      0.000      0.000      1.000      3.000 117
     1.145      0.897      0.010      0.381      0.477      0.271      0.183     -0.048      0.269      0.186     -0.049      0.000      0.001      0.999      3.000 118
     1.611      1.005      0.122      0.895     -0.319      0.165      0.184     -0.027      0.164      0.185     -0.027      0.000      0.000      1.000      3.000 119
     0.539      1.032     -0.012      1.335     -0.545      0.702     -0.507      0.107      0.702     -0.507      0.107      0.000      0.000      1.000      3.000 120
    -0.732      0.420     -0.226     -0.291     -0.386      0.609     -0.727      0.139      0.609     -0.727      0.139      0.000      0.000      1.000      3.000 121
     1.853     -0.293     -0.075     -0.293      0.060     -0.169      0.389     -0.083     -0.411      0.684     -0.145      0.000      0.072      0.927      3.000 122
     0.462     -0.442     -0.319      0.748     -0.319      0.409     -0.331      0.050      0.409     -0.331      0.050      0.000      0.000      1.000      3.000 123
    -0.575      0.646     -0.013      0.646      0.174      1.054     -0.884      0.157      1.054     -0.884      0.157      0.000      0.000      1.000      3.000 124
     1.148      0.642      1.318     -1.548      0.336      0.070      0.203     -0.035      0.069      0.206     -0.035      0.000      0.001      0.999      3.000 125
     0.279     -0.107      0.128     -0.686      0.210      0.250     -0.138      0.011      0.249     -0.138      0.011      0.000      0.000      1.000      3.000 126
    -0.130      1.421      0.152      0.243      0.270      0.813     -0.540      0.101      0.813     -0.540      0.101      0.000      0.000      1.000      3.000 127
    -0.381     -0.017     -0.685     -0.788     -0.314      0.098     -0.252      0.039      0.098     -0.252      0.039      0.000      0.000      1.000      3.000 128
     0.208      0.717     -0.850      0.241      0.250      0.250     -0.035     -0.012      0.249     -0.035     -0.012      0.000      0.000      1.000      3.000 129
     0.306      0.503     -0.173     -0.318      0.349      0.286     -0.069     -0.002      0.286     -0.069     -0.002      0.000      0.000      1.000      3.000 130
    -0.059     -0.200     -0.683     -0.492     -0.679      0.000     -0.201      0.036      0.000     -0.201      0.036      0.000      0.000      1.000      3.000 131
    -0.070     -0.975      0.605     -0.275     -0.285      0.637     -0.706      0.125      0.637     -0.706      0.125      0.000      0.000      1.000      3.000 132
     1.765      1.185     -0.644      1.127     -0.276     -0.079      0.451     -0.084     -0.113      0.493     -0.092      0.000      0.010      0.990      3.000 133
    -0.492     -0.238     -0.100     -0.049      0.352      0.745     -0.646      0.099      0.745     -0.645      0.099      0.000      0.000      1.000      3.000 134
    -0.125      0.477     -0.082      0.398      0.398      0.774     -0.525      0.082      0.774     -0.525      0.082      0.000      0.000      1.000      3.000 135
    -0.443      1.136     -0.338     -1.063      0.512      0.326     -0.187      0.023      0.325     -0.187      0.023      0.000      0.000      1.000      3.000 136
     0.630     -0.123      0.609     -1.372     -0.501     -0.075     -0.015      0.012     -0.075     -0.014      0.011      0.000      0.000      1.000      3.000 137
     0.316      1.162      0.420      0.569      0.208      0.824     -0.489      0.092      0.824     -0.489      0.092      0.000      0.000      1.000      3.000 138
     0.105      0.163     -0.141      0.139      0.028      0.490     -0.365      0.058      0.489     -0.365      0.057      0.000      0.000      1.000      3.000 139
     0.525     -0.854      1.063     -0.165     -1.018      0.480     -0.642      0.137      0.480     -0.642      0.137      0.000      0.000      1.000      3.000 140
    -0.060     -0.003      0.153      0.370      0.440      0.824     -0.582      0.089      0.824     -0.581      0.089      0.001      0.000      0.999      3.000 141
    -0.478     -0.142     -0.159     -0.636     -0.125      0.431     -0.514      0.087      0.431     -0.514      0.087      0.000      0.000      1.000      3.000 142
    -0.015      0.473      0.350     -0.650      0.779      0.585     -0.297      0.036      0.585     -0.296      0.035      0.001      0.000      0.999      3.000 143
     0.851      0.823     -0.226     -0.289      0.312      0.041      0.252     -0.059      0.037      0.257     -0.060      0.000      0.001      0.999      3.000 144
     0.495      0.279     -0.126      0.167      0.315      0.384     -0.122      0.006      0.384     -0.121      0.006      0.000      0.000      1.000      3.000 145
     0.059     -0.028      0.114     -0.596     -0.738      0.220     -0.386      0.082      0.220     -0.386      0.082      0.000      0.000      1.000      3.000 146
    -0.277     -0.217      0.403     -0.670      0.324      0.624     -0.541      0.086      0.624     -0.541      0.086      0.000      0.000      1.000      3.000 147
     0.535      0.207      1.022      0.626      0.418      0.998     -0.612      0.106      0.998     -0.612      0.106      0.000      0.000      1.000      3.000 148
     0.312     -0.142      0.044      0.258      0.108      0.521     -0.351      0.051      0.521     -0.350      0.051      0.000      0.000      1.000      3.000 149
     0.994      0.961      1.477      0.381     -0.130      0.817     -0.480      0.108      0.817     -0.480      0.108      0.000      0.000      1.000      3.000 150
    -0.085      0.399     -0.611     -1.477      0.413     -0.118      0.169     -0.052     -0.120      0.171     -0.053      0.000      0.000      0.999      3.000 151
     0.539      1.062      0.617      1.262      0.121      1.034     -0.629      0.121      1.034     -0.629      0.121      0.000      0.000      1.000      3.000 152
     0.941      1.259      0.633      0.428      0.483      0.630     -0.141      0.023      0.630     -0.141      0.023      0.000      0.000      1.000      3.000 153
     0.629      0.289      0.079      0.481     -0.550      0.377     -0.301      0.063      0.377     -0.301      0.063      0.000      0.000      1.000      3.000 154
     0.312      0.370     -0.179     -0.200      0.539      0.351     -0.080     -0.007      0.351     -0.079     -0.007      0.001      0.000      0.999      3.000 155
     1.569      0.602      0.545      0.789      0.646      0.462      0.132     -0.041      0.460      0.135     -0.042      0.001      0.001      0.999      3.000 156
     0.549      1.056      0.390      1.098      0.851      1.001     -0.419      0.061      1.000     -0.417      0.060      0.001      0.000      0.999      3.000 157
     0.864     -0.582     -0.134      0.407     -0.444      0.161     -0.104      0.011      0.161     -0.104      0.011      0.000      0.000      1.000      3.000 158
    -0.507     -1.027     -0.325     -1.269     -0.385      0.091     -0.378      0.058      0.091     -0.378      0.058      0.000      0.000      1.000      3.000 159
    -0.664      0.877     -0.430      0.118     -0.812      0.585     -0.753      0.157      0.585     -0.753      0.157      0.000      0.000      1.000      3.000 160
     0.421      0.182      0.078     -0.369     -0.511      0.169     -0.194      0.042      0.169     -0.194      0.042      0.000      0.000      1.000      3.000 161
     0.295      0.297     -0.028      0.216      0.339      0.532     -0.277      0.036      0.532     -0.277      0.035      0.000      0.000      1.000      3.000 162
     0.248     -0.428     -0.923     -0.052     -1.239     -0.169     -0.137      0.032     -0.169     -0.137      0.032      0.000      0.000      1.000      3.000 163
     2.194     -0.289     -1.352     -1.907      0.399      1.757     -2.287      0.483      1.758     -2.288      0.483      0.000      1.000      0.000      2.000 164
     0.007      0.572     -0.437      0.040     -0.768      0.260     -0.364      0.079      0.260     -0.364      0.079      0.000      0.000      1.000      3.000 165
    -0.638      0.089     -0.664     -0.295     -0.567      0.357     -0.557      0.103      0.357     -0.557      0.103      0.000      0.000      1.000      3.000 166
    -0.666     -0.441      0.214     -0.010     -0.569      0.805     -0.979      0.186      0.805     -0.979      0.186      0.000      0.000      1.000      3.000 167
     0.195     -0.236     -1.363     -0.596      0.589     -0.196      0.322     -0.099     -0.212      0.352     -0.107      0.010      0.004      0.986      3.000 168
     0.021      0.190     -0.303     -0.218      0.465      0.407     -0.211      0.017      0.407     -0.210      0.016      0.001      0.000      0.999      3.000 169
    -1.264      0.510      0.322     -1.609      0.688      0.766     -0.743      0.124      0.766     -0.743      0.124      0.000      0.000      1.000      3.000 170
    -0.342      0.564     -0.149      0.189     -1.041      0.536     -0.731      0.158      0.536     -0.731      0.158      0.000      0.000      1.000      3.000 171
    -0.067      0.081      0.113      0.084     -0.190      0.609     -0.565      0.103      0.609     -0.565      0.103      0.000      0.000      1.000      3.000 172
     1.072     -0.010      0.635     -0.999     -0.740     -0.162      0.103     -0.004     -0.162      0.103     -0.004      0.000      0.000      1.000      3.000 173
     1.655      0.479     -1.192     -1.817     -0.115      1.958     -2.613      0.565      2.024     -2.693      0.582      0.000      0.980      0.020      2.000 174
     0.188      0.317      0.622      0.525      0.374      0.952     -0.640      0.109      0.952     -0.640      0.109      0.000      0.000      1.000      3.000 175
     0.227     -0.583     -0.479      0.846      0.422      0.603     -0.360      0.035      0.602     -0.352      0.032      0.006      0.000      0.994      3.000 176
     0.100      0.217     -0.343      0.377      0.073      0.506     -0.352      0.052      0.506     -0.352      0.052      0.000      0.000      1.000      3.000 177
    -1.125      0.821      0.101     -0.326     -0.830      0.836     -1.085      0.225      0.836     -1.085      0.225      0.000      0.000      1.000      3.000 178
     1.285      0.290      0.728      0.735      1.345      0.752     -0.069     -0.012      0.744     -0.006     -0.034      0.048      0.000      0.952      3.000 179
    -0.241      0.040     -0.612     -0.344     -0.385      0.214     -0.321      0.054      0.214     -0.321      0.054      0.000      0.000      1.000      3.000 180
     0.141      0.895      0.805      0.619      1.265      1.237     -0.632      0.095      1.236     -0.624      0.092      0.006      0.000      0.994      3.000 181
     0.822      0.849     -0.822      1.868      0.192      0.564     -0.128      0.007      0.564     -0.128      0.006      0.001      0.000      0.999      3.000 182
     0.529      0.507     -0.040     -0.333     -0.853      0.040     -0.127      0.040      0.040     -0.127      0.040      0.000      0.000      1.000      3.000 183
    -0.088      0.064     -0.697     -0.307      0.302      0.239     -0.136      0.001      0.239     -0.135      0.001      0.000      0.000      0.999      3.000 184
     0.278      0.315      0.035      0.135     -0.242      0.442     -0.354      0.066      0.442     -0.354      0.066      0.000      0.000      1.000      3.000 185
     0.093      0.567     -0.996     -0.821     -1.388     -0.406      0.032      0.016     -0.406      0.032      0.016      0.000      0.000      1.000      3.000 186
     2.198     -0.742     -0.364     -0.065      1.678      1.712     -1.812      0.405      3.000     -2.986      0.584      0.355      0.598      0.047      2.000 187
    -1.066      0.295     -0.486     -0.707     -0.327      0.512     -0.713      0.132      0.512     -0.713      0.132      0.000      0.000      1.000      3.000 188
     0.853      0.683     -0.480      0.223     -0.480     -0.013      0.113     -0.018     -0.013      0.114     -0.018      0.000      0.000      1.000      3.000 189
     0.673      0.475      0.294     -1.135     -0.054     -0.047      0.137     -0.025     -0.048      0.138     -0.025      0.000      0.000      1.000      3.000 190
     1.058      0.610      1.247      0.780      0.787      0.982     -0.378      0.059      0.981     -0.377      0.058      0.000      0.000      1.000      3.000 191
     1.908      1.783      1.576      1.351      1.707      1.121     -0.025     -0.013      1.118     -0.005     -0.020      0.015      0.000      0.985      3.000 192
    -0.129     -0.505     -0.611      1.352      1.744      1.251     -1.717      0.461      1.259     -1.784      0.484      0.949      0.000      0.051      1.000 193
     0.873      0.256      0.800      0.126      0.696      0.630     -0.181      0.017      0.630     -0.180      0.016      0.001      0.000      0.999      3.000 194
     1.278      1.792      0.581     -0.946      0.096     -0.067      0.391     -0.060     -0.078      0.404     -0.062      0.000      0.003      0.997      3.000 195
     1.290      0.568      0.008      0.174      0.723      0.175      0.318     -0.082      0.163      0.335     -0.086      0.002      0.004      0.995      3.000 196
     0.560     -0.453      0.818     -0.159     -0.306      0.495     -0.437      0.083      0.495     -0.437      0.083      0.000      0.000      1.000      3.000 197
     1.146      0.410      0.001      0.410      0.428      0.258      0.151     -0.046      0.256      0.154     -0.047      0.000      0.001      0.999      3.000 198
    -0.695     -0.028     -0.285     -2.847     -0.636     -0.391     -0.068      0.020     -0.391     -0.068      0.020      0.000      0.000      1.000      3.000 199
    -0.519      0.507     -0.639     -0.360     -1.439      0.159     -0.564      0.132      0.159     -0.564      0.132      0.000      0.000      1.000      3.000 200
     0.607      0.382     -0.131     -0.642      0.445      0.070      0.172     -0.050      0.068      0.175     -0.051      0.000      0.001      0.999      3.000 201
     0.183      0.553      0.450     -0.372     -0.528      0.426     -0.442      0.097      0.426     -0.442      0.097      0.000      0.000      1.000      3.000 202
     0.021     -0.177     -0.024      0.079      0.281      0.585     -0.425      0.060      0.585     -0.424      0.060      0.000      0.000      1.000      3.000 203
    -0.969     -1.123     -0.641     -0.982     -0.644      0.227     -0.636      0.108      0.227     -0.636      0.108      0.000      0.000      1.000      3.000 204
    -1.245      0.265     -0.571      0.265      0.039      0.962     -0.996      0.173      0.962     -0.996      0.173      0.000      0.000      1.000      3.000 205
    -0.041      0.737     -0.488     -0.509      1.113      0.378     -0.016     -0.030      0.376     -0.003     -0.034      0.010      0.000      0.990      3.000 206
     0.225      0.244      0.035      0.700      0.158      0.729     -0.488      0.079      0.729     -0.488      0.079      0.000      0.000      1.000      3.000 207
     0.885     -0.855     -0.959      0.178     -1.074     -0.363      0.170     -0.035     -0.364      0.171     -0.036      0.000      0.000      1.000      3.000 208
    -0.296      0.780     -0.757     -0.502     -0.584      0.109     -0.249      0.053      0.109     -0.249      0.053      0.000      0.000      1.000      3.000 209
     0.730      0.184      0.790     -0.184     -0.193      0.433     -0.282      0.058      0.433     -0.282      0.057      0.000      0.000      1.000      3.000 210
     0.253      1.899     -0.813      0.181     -0.580      0.114     -0.048      0.025      0.114     -0.048      0.025      0.000      0.000      1.000      3.000 211
     2.449      0.718      1.058      1.031      0.292      0.318      0.335     -0.064      0.307      0.348     -0.067      0.000      0.003      0.997      3.000 212
    -0.143      0.599     -0.364     -0.345      0.194      0.375     -0.260      0.037      0.375     -0.260      0.037      0.000      0.000      1.000      3.000 213
     2.157      0.531      1.653     -0.221      0.769      0.310      0.335     -0.070      0.298      0.351     -0.074      0.000      0.004      0.996      3.000 214
    -0.087     -0.587     -0.022      0.534      0.222      0.777     -0.631      0.095      0.777     -0.630      0.095      0.001      0.000      0.999      3.000 215
    -0.297      0.097      0.644     -0.174      0.606      0.958     -0.719      0.118      0.958     -0.719      0.117      0.000      0.000      1.000      3.000 216
     0.468      0.351     -0.689      0.083     -0.636     -0.010     -0.025      0.007     -0.010     -0.025      0.007      0.000      0.000      1.000      3.000 217
    -0.391      0.933     -0.233      0.158     -1.616      0.428     -0.771      0.183      0.428     -0.771      0.183      0.000      0.000      1.000      3.000 218
     0.306      0.441     -2.218     -0.143     -0.842     -0.637      0.439     -0.089     -0.655      0.460     -0.094      0.000      0.005      0.995      3.000 219
     1.328      0.495     -0.585      0.112     -0.501     -0.295      0.415     -0.077     -0.311      0.434     -0.081      0.000      0.005      0.995      3.000 220
     1.364      0.313      1.672     -0.521      0.095      0.433     -0.109      0.028      0.433     -0.109      0.028      0.000      0.000      1.000      3.000 221
     0.609      0.752      0.940      2.057      0.585      1.483     -0.872      0.153      1.483     -0.872      0.153      0.000      0.000      1.000      3.000 222
     0.545      0.757      1.680      0.518      2.000      1.506     -0.773      0.138      1.485     -0.599      0.076      0.134      0.000      0.866      3.000 223
     3.076      1.303     -0.065     -0.536      0.712      2.448     -2.487      0.540      2.454     -2.494      0.542      0.000      0.998      0.002      2.000 224
     0.632     -0.419     -0.171      0.584      0.785      0.518     -0.142     -0.007      0.515     -0.116     -0.016      0.020      0.000      0.980      3.000 225
     0.098     -0.228     -0.916     -0.518     -0.912     -0.209     -0.054      0.011     -0.209     -0.054      0.011      0.000      0.000      1.000      3.000 226
     0.716      0.428     -0.034     -0.771      0.206     -0.023      0.207     -0.049     -0.025      0.209     -0.050      0.000      0.001      0.999      3.000 227
    -0.269     -0.710     -0.431     -0.939     -1.533     -0.118     -0.413      0.095     -0.118     -0.413      0.095      0.000      0.000      1.000      3.000 228
     0.985     -0.700     -0.046      0.587      0.209      0.311     -0.045     -0.017      0.310     -0.043     -0.017      0.001      0.000      0.999      3.000 229
     0.359      0.096     -1.448      0.875      0.282      0.165      0.063     -0.044      0.164      0.069     -0.046      0.004      0.000      0.996      3.000 230
     0.127     -0.469     -0.070     -0.366      0.537      0.398     -0.219      0.012      0.397     -0.216      0.011      0.002      0.000      0.998      3.000 231
     0.139     -0.584      0.617     -0.381      0.289      0.615     -0.481      0.073      0.615     -0.480      0.073      0.000      0.000      1.000      3.000 232
     0.084      0.503      0.565      0.082      0.676      0.871     -0.519      0.081      0.871     -0.518      0.081      0.000      0.000      1.000      3.000 233
     0.609      0.203      0.719      0.906      0.260      0.920     -0.557      0.096      0.920     -0.557      0.096      0.000      0.000      1.000      3.000 234
     1.532     -1.669      0.195     -0.808      1.465      0.093     -0.388      0.157      0.007     -0.660      0.278      0.662      0.042      0.297      1.000 235
     0.233      1.323      0.381     -0.916      0.279      0.331     -0.118      0.024      0.331     -0.118      0.024      0.000      0.000      1.000      3.000 236
     0.825      1.673      0.990      0.901      0.217      0.957     -0.466      0.098      0.957     -0.466      0.098      0.000      0.000      1.000      3.000 237
     1.548      1.120      0.776     -0.355      1.148      0.277      0.384     -0.090      0.246      0.424     -0.099      0.001      0.009      0.989      3.000 238
     0.291     -0.216      0.111     -1.075      0.718      0.180      0.028     -0.033      0.179      0.031     -0.034      0.001      0.000      0.998      3.000 239
     0.258      1.323      0.268      0.644      0.167      0.813     -0.485      0.093      0.813     -0.485      0.093      0.000      0.000      1.000      3.000 240
     1.781      1.262      0.384     -0.355     -0.620     -0.275      0.468     -0.065     -0.295      0.492     -0.070      0.000      0.006      0.994      3.000 241
     0.900      1.366     -0.711     -0.956      1.704      1.017     -0.711      0.135     -0.175      0.816     -0.198      0.068      0.353      0.579      3.000 242
    -0.541      0.038     -0.049     -0.698     -0.999      0.342     -0.665      0.141      0.342     -0.665      0.141      0.000      0.000      1.000      3.000 243
     0.988      0.383     -1.181      2.476      3.576      1.261     -0.999      0.292      1.261     -0.999      0.292      1.000      0.000      0.000      1.000 244
     2.290     -0.583      1.205     -0.628      0.928      0.201      0.307     -0.077     -0.081      0.655     -0.151      0.004      0.084      0.912      3.000 245
    -0.054      1.067     -0.537      1.685      0.807      1.102     -0.595      0.086      1.101     -0.587      0.083      0.006      0.000      0.994      3.000 246
     0.194      0.763      0.310      0.676     -0.238      0.790     -0.617      0.122      0.790     -0.617      0.122      0.000      0.000      1.000      3.000 247
    -1.726      0.247     -1.043     -0.495      1.143      0.901     -0.825      0.118      0.894     -0.773      0.099      0.040      0.000      0.960      3.000 248
     1.226      3.621     -0.640     -0.968      2.106      2.912     -2.638      0.548      3.164     -2.943      0.612      0.002      0.924      0.074      2.000 249
    -0.015     -0.172     -1.066     -0.898      0.539     -0.113      0.199     -0.072     -0.117      0.206     -0.074      0.003      0.001      0.996      3.000 250
     3.130      1.864     -1.140      1.389      1.714      2.863     -2.444      0.499      2.866     -2.447      0.500      0.000      0.999      0.000      2.000 251
     1.340     -0.582     -1.233     -2.226          *      1.853     -2.560      0.534      2.026     -2.761      0.576      0.000      0.950      0.050      2.000 252
     0.483      0.691     -0.509     -2.014      0.339     -0.436      0.489     -0.103     -0.526      0.599     -0.126      0.000      0.027      0.973      3.000 253
     2.216      0.000      1.900      1.309      3.482      1.499     -1.115      0.345      1.499     -1.115      0.345      1.000      0.000      0.000      1.000 254
     1.380      0.791      0.801      0.313      0.473      0.451      0.052     -0.016      0.450      0.053     -0.017      0.000      0.000      1.000      3.000 255
     0.415      0.190      0.211     -0.352     -0.131      0.293     -0.205      0.036      0.293     -0.205      0.036      0.000      0.000      1.000      3.000 256
     0.812      0.255      1.284      0.555      0.319      0.940     -0.540      0.098      0.940     -0.540      0.098      0.000      0.000      1.000      3.000 257
    -0.838     -0.771      0.698     -0.595     -1.647      0.681     -1.233      0.263      0.681     -1.233      0.263      0.000      0.000      1.000      3.000 258
     1.200     -0.150     -0.853     -1.398     -0.883     -0.688      0.428     -0.070     -0.975      0.777     -0.143      0.000      0.086      0.914      3.000 259
     2.109      1.479      1.666      0.525      0.430      0.558      0.127     -0.014      0.556      0.128     -0.014      0.000      0.000      1.000      3.000 260
    -1.580      0.534     -1.696     -0.034     -2.431      0.163     -0.987      0.225      0.163     -0.987      0.225      0.000      0.000      1.000      3.000 261
     1.004      0.043      0.305     -0.030     -0.971      0.046     -0.097      0.035      0.046     -0.097      0.035      0.000      0.000      1.000      3.000 262
     1.068      0.010     -0.401      0.311      0.116      0.039      0.218     -0.059      0.036      0.222     -0.060      0.000      0.001      0.999      3.000 263
     0.259      0.073      0.034     -0.818      0.249      0.185     -0.069     -0.002      0.185     -0.069     -0.002      0.000      0.000      1.000      3.000 264
    -0.091      1.181      0.209      0.879     -0.005      0.995     -0.748      0.144      0.995     -0.748      0.144      0.000      0.000      1.000      3.000 265
     0.190     -0.409      0.452      0.068      1.605      0.958     -0.796      0.173      0.905     -0.350      0.015      0.342      0.000      0.658      3.000 266
     0.486      0.058     -1.136      0.526     -1.041     -0.109     -0.035      0.010     -0.109     -0.034      0.010      0.000      0.000      1.000      3.000 267
    -0.173      0.215      0.166     -0.659     -0.534      0.359     -0.483      0.099      0.359     -0.483      0.099      0.000      0.000      1.000      3.000 268
    -0.083      0.273      0.641      0.900      0.524      1.235     -0.881      0.150      1.235     -0.880      0.150      0.000      0.000      1.000      3.000 269
    -0.444      0.134     -0.386      1.249      1.524      1.350     -1.355      0.310      1.272     -0.704      0.079      0.499      0.000      0.501      3.000 270
     0.350      0.139     -1.729      0.437     -0.920     -0.293      0.137     -0.030     -0.294      0.138     -0.030      0.000      0.000      1.000      3.000 271
     0.070      0.635     -2.558      0.504     -0.115     -0.320      0.355     -0.094     -0.333      0.372     -0.098      0.001      0.004      0.996      3.000 272
    -0.017      1.223      0.860      0.757     -0.009      1.177     -0.901      0.180      1.177     -0.901      0.180      0.000      0.000      1.000      3.000 273
     0.950      0.270     -1.170     -0.002      0.606     -0.113      0.413     -0.108     -0.242      0.577     -0.144      0.006      0.038      0.955      3.000 274
     0.236      0.735     -0.853     -0.547     -0.799     -0.214      0.066     -0.003     -0.215      0.067     -0.003      0.000      0.000      1.000      3.000 275
    -0.094      0.643      0.297      0.035     -0.038      0.713     -0.588      0.111      0.713     -0.588      0.111      0.000      0.000      1.000      3.000 276
     0.040     -0.227     -0.338     -0.406      0.026      0.237     -0.209      0.023      0.237     -0.208      0.023      0.000      0.000      1.000      3.000 277
     0.777      0.206     -0.673      0.159     -0.085     -0.024      0.178     -0.047     -0.026      0.181     -0.048      0.000      0.001      0.999      3.000 278
     0.301      0.417     -0.073      0.264      0.587      0.572     -0.237      0.023      0.572     -0.235      0.022      0.001      0.000      0.999      3.000 279
     0.788     -0.663      0.850     -0.512      0.636      0.430     -0.130      0.000      0.430     -0.128     -0.001      0.001      0.000      0.999      3.000 280
     0.117      0.968     -0.600     -0.062      0.117      0.264     -0.098      0.009      0.264     -0.098      0.009      0.000      0.000      1.000      3.000 281
     0.980     -0.755     -0.517      0.143      0.445      0.013      0.244     -0.080      0.006      0.260     -0.085      0.007      0.002      0.992      3.000 282
    -2.205     -2.280     -1.476     -1.921     -1.138     -0.002     -0.899      0.151     -0.002     -0.899      0.151      0.000      0.000      1.000      3.000 283
     0.027      0.098     -0.459     -0.035     -0.345      0.274     -0.299      0.051      0.274     -0.299      0.051      0.000      0.000      1.000      3.000 284
     1.376     -0.008      0.334     -0.646      0.310     -0.100      0.387     -0.087     -0.118      0.409     -0.092      0.000      0.005      0.994      3.000 285
     1.115      0.360     -0.531     -0.619     -0.380     -0.412      0.462     -0.088     -0.440      0.495     -0.095      0.000      0.008      0.992      3.000 286
    -0.406      0.454     -0.962      0.145     -0.492      0.314     -0.412      0.074      0.314     -0.412      0.074      0.000      0.000      1.000      3.000 287
     0.168     -0.513     -0.985     -0.750     -0.545     -0.296      0.099     -0.030     -0.296      0.100     -0.030      0.000      0.000      1.000      3.000 288
    -1.007     -0.531     -1.004     -2.116     -0.876     -0.328     -0.233      0.043     -0.328     -0.233      0.043      0.000      0.000      1.000      3.000 289
    -0.110     -1.069     -0.130      0.245     -0.299      0.546     -0.613      0.099      0.546     -0.613      0.099      0.000      0.000      1.000      3.000 290
    -0.449     -0.220      0.428     -0.617      0.340      0.731     -0.658      0.108      0.731     -0.658      0.108      0.000      0.000      1.000      3.000 291
     0.927      0.390      0.278      0.409      0.161      0.417     -0.097      0.010      0.417     -0.097      0.010      0.000      0.000      1.000      3.000 292
     0.019      1.154     -0.288      0.282     -0.093      0.523     -0.367      0.070      0.523     -0.367      0.070      0.000      0.000      1.000      3.000 293
    -0.015     -0.889     -0.408     -0.325      0.227      0.280     -0.245      0.016      0.280     -0.243      0.016      0.001      0.000      0.999      3.000 294
    -0.032     -0.190     -1.066     -0.540     -0.364     -0.129     -0.003     -0.013     -0.129     -0.002     -0.013      0.000      0.000      1.000      3.000 295
     0.397      0.249     -0.789      0.330     -0.085      0.158     -0.035     -0.008      0.157     -0.035     -0.008      0.000      0.000      1.000      3.000 296
     0.742     -0.116     -0.503     -0.459     -0.275     -0.199      0.223     -0.052     -0.202      0.226     -0.052      0.000      0.001      0.999      3.000 297
    -0.557     -1.379     -1.104     -2.134     -0.698     -0.562      0.040     -0.023     -0.563      0.040     -0.024      0.000      0.000      1.000      3.000 298
    -0.202     -0.088      0.221      0.091      0.048      0.748     -0.661      0.114      0.748     -0.661      0.114      0.000      0.000      1.000      3.000 299
     0.164      0.199      0.099     -0.273     -0.268      0.365     -0.342      0.064      0.365     -0.342      0.064      0.000      0.000      1.000      3.000 300
     0.712      1.381     -0.772      1.161      0.360      0.420      0.022     -0.019      0.419      0.023     -0.019      0.000      0.000      1.000      3.000 301
     1.108     -0.752     -0.408     -0.007      1.792      0.312     -0.727      0.269      0.314     -0.814      0.302      0.924      0.003      0.074      1.000 302
    -0.050      0.389      0.014      0.524     -0.187      0.726     -0.622      0.115      0.726     -0.622      0.115      0.000      0.000      1.000      3.000 303
     0.704      0.076      0.054     -0.264      0.282      0.200      0.031     -0.022      0.200      0.032     -0.022      0.000      0.000      1.000      3.000 304
     0.356     -0.868     -0.435     -0.863     -0.769     -0.246     -0.001     -0.004     -0.247     -0.001     -0.004      0.000      0.000      1.000      3.000 305
     2.609      0.281      0.533     -0.043      0.050      0.522     -0.272      0.071     -0.402      0.854     -0.165      0.000      0.276      0.724      3.000 306
    -0.009     -0.335     -0.398     -0.561      0.160      0.199     -0.164      0.009      0.199     -0.164      0.009      0.000      0.000      1.000      3.000 307
    -0.729      0.553      0.605     -0.804     -0.985      0.659     -0.946      0.206      0.659     -0.946      0.206      0.000      0.000      1.000      3.000 308
    -0.198      0.247     -0.267     -0.113      0.453      0.554     -0.372      0.048      0.554     -0.372      0.048      0.000      0.000      1.000      3.000 309
     0.054     -0.763      0.434     -0.219      0.037      0.593     -0.544      0.087      0.593     -0.544      0.087      0.000      0.000      1.000      3.000 310
     0.447      1.107     -0.219      1.500     -0.401      0.745     -0.509      0.103      0.745     -0.509      0.103      0.000      0.000      1.000      3.000 311
    -0.064      0.432     -0.093     -0.327      0.463      0.494     -0.292      0.037      0.494     -0.291      0.037      0.000      0.000      1.000      3.000 312
    -0.412     -0.043     -0.201      0.032      0.127      0.666     -0.603      0.097      0.666     -0.603      0.097      0.000      0.000      1.000      3.000 313
     1.227      0.694     -0.412     -0.823      0.098     -0.290      0.472     -0.094     -0.429      0.641     -0.129      0.000      0.042      0.958      3.000 314
    -1.017      0.944      0.548      0.259      0.105      1.328     -1.220      0.232      1.328     -1.220      0.232      0.000      0.000      1.000      3.000 315
     0.797      1.190      0.712     -0.228      0.457      0.485     -0.084      0.014      0.485     -0.084      0.014      0.000      0.000      1.000      3.000 316
     0.366      0.174     -0.111     -0.231      0.779      0.379     -0.050     -0.019      0.378     -0.046     -0.021      0.003      0.000      0.997      3.000 317
     1.875      1.191      1.328     -0.268      0.031      0.175      0.260     -0.034      0.172      0.264     -0.035      0.000      0.001      0.999      3.000 318
    -0.194      0.071     -0.857      0.337     -0.976      0.243     -0.455      0.091      0.243     -0.455      0.091      0.000      0.000      1.000      3.000 319
     0.658      0.536     -0.844      0.257     -0.338     -0.039      0.133     -0.030     -0.040      0.134     -0.031      0.000      0.000      1.000      3.000 320
    -0.491     -0.516     -0.217     -0.083     -0.158      0.597     -0.667      0.111      0.597     -0.667      0.111      0.000      0.000      1.000      3.000 321
    -0.122     -0.051      0.287     -0.033      0.279      0.733     -0.578      0.094      0.733     -0.578      0.094      0.000      0.000      1.000      3.000 322
     0.296      1.847      0.036      0.697      1.303      0.921     -0.246      0.024      0.920     -0.240      0.021      0.005      0.000      0.995      3.000 323
     0.243      0.248      0.260     -1.239     -0.443      0.023     -0.120      0.030      0.023     -0.120      0.030      0.000      0.000      1.000      3.000 324
    -0.231      1.173      0.529     -0.825     -0.617      0.477     -0.564      0.131      0.477     -0.564      0.131      0.000      0.000      1.000      3.000 325
     0.112      0.211      0.409      0.518      0.281      0.882     -0.622      0.105      0.882     -0.622      0.105      0.000      0.000      1.000      3.000 326
     1.977      0.805      1.087      1.212      0.073      0.557      0.005      0.004      0.557      0.005      0.004      0.000      0.000      1.000      3.000 327
     0.732      0.816     -0.343     -0.534      0.809      0.050      0.335     -0.087      0.037      0.353     -0.091      0.001      0.004      0.995      3.000 328
     0.755      0.624      0.392     -0.569      0.427      0.239      0.063     -0.022      0.238      0.064     -0.022      0.000      0.000      1.000      3.000 329
     0.232      1.336      0.998      0.672      0.604      1.194     -0.712      0.132      1.194     -0.712      0.132      0.000      0.000      1.000      3.000 330
     0.099      0.227     -0.285      0.594     -0.408      0.528     -0.485      0.090      0.528     -0.485      0.090      0.000      0.000      1.000      3.000 331
     0.273      0.801      0.561     -0.092      0.692      0.734     -0.350      0.053      0.734     -0.350      0.052      0.000      0.000      1.000      3.000 332
     1.324      0.480      0.128      0.296      0.229      0.159      0.215     -0.051      0.156      0.219     -0.052      0.000      0.001      0.999      3.000 333
     0.202      0.431      0.239      0.142      0.101      0.616     -0.424      0.073      0.616     -0.424      0.073      0.000      0.000      1.000      3.000 334
     2.905      0.488     -1.624     -1.826      1.110      1.500     -1.697      0.359      1.500     -1.697      0.359      0.000      1.000      0.000      2.000 335
     1.189      0.929      0.017      0.797      0.465      0.400      0.098     -0.032      0.399      0.100     -0.032      0.000      0.000      0.999      3.000 336
     0.131     -0.364     -0.676      0.864     -0.740      0.389     -0.467      0.084      0.389     -0.467      0.084      0.000      0.000      1.000      3.000 337
     1.146      0.599      0.288     -0.702      0.878      0.074      0.376     -0.092      0.051      0.405     -0.099      0.001      0.007      0.992      3.000 338
     0.766      0.109     -0.128     -0.046     -0.334      0.079      0.003     -0.003      0.078      0.004     -0.003      0.000      0.000      1.000      3.000 339
     0.373     -0.075      0.035      0.269      0.308      0.528     -0.290      0.035      0.528     -0.289      0.035      0.000      0.000      1.000      3.000 340
    -0.232      0.589     -0.121      1.804      0.071      1.255     -0.972      0.173      1.255     -0.972      0.173      0.000      0.000      1.000      3.000 341
     0.509      0.181      0.063      0.469      0.037      0.512     -0.296      0.046      0.512     -0.296      0.046      0.000      0.000      1.000      3.000 342
    -0.355     -1.116     -0.522      0.025     -1.365      0.245     -0.681      0.134      0.245     -0.681      0.134      0.000      0.000      1.000      3.000 343
     2.844      0.343      0.230     -1.201      0.006      2.246     -2.616      0.575      2.299     -2.680      0.588      0.000      0.984      0.016      2.000 344
     0.452      0.467      0.637     -0.995      0.398      0.308     -0.090      0.009      0.308     -0.090      0.009      0.000      0.000      1.000      3.000 345
     0.014     -0.247     -1.159     -0.492     -0.119     -0.130      0.068     -0.034     -0.130      0.069     -0.034      0.000      0.000      1.000      3.000 346
    -0.640     -0.124      0.252      0.752      0.046      1.187     -1.091      0.194      1.187     -1.091      0.194      0.000      0.000      1.000      3.000 347
     0.063      0.266     -0.521     -0.326      0.108      0.208     -0.120      0.007      0.208     -0.120      0.007      0.000      0.000      1.000      3.000 348
     0.361      0.681     -0.132      0.862     -0.023      0.642     -0.397      0.069      0.642     -0.397      0.069      0.000      0.000      1.000      3.000 349
     1.205      0.653      1.381      0.527     -0.366      0.693     -0.408      0.095      0.693     -0.408      0.095      0.000      0.000      1.000      3.000 350
    -0.209     -0.861     -0.058     -1.083     -0.083      0.184     -0.311      0.042      0.184     -0.311      0.042      0.000      0.000      1.000      3.000 351
     1.157     -0.933      0.063      0.205      0.156      0.129      0.096     -0.043      0.128      0.098     -0.043      0.001      0.000      0.999      3.000 352
     2.075      0.589      0.264      0.883      0.549      0.193      0.419     -0.095      0.144      0.480     -0.108      0.001      0.015      0.984      3.000 353
     0.826      0.761      0.609      0.512      0.010      0.613     -0.297      0.059      0.613     -0.297      0.059      0.000      0.000      1.000      3.000 354
     0.257      0.007      0.075     -0.115      0.899      0.557     -0.204      0.007      0.556     -0.195      0.004      0.006      0.000      0.994      3.000 355
     2.169      0.634      0.505     -0.271      0.428      0.186      0.229     -0.042     -0.232      0.737     -0.148      0.000      0.125      0.875      3.000 356
     1.088     -0.057      0.859     -0.382      0.267      0.302     -0.013     -0.007      0.301     -0.012     -0.007      0.000      0.000      1.000      3.000 357
     0.113      0.627     -0.399      0.361      1.467      0.730     -0.328      0.048      0.708     -0.139     -0.019      0.144      0.000      0.856      3.000 358
     0.738      1.532      0.163      0.515      0.713      0.608     -0.074      0.003      0.608     -0.073      0.003      0.000      0.000      1.000      3.000 359
     0.099      0.139      0.630      0.322      0.760      0.981     -0.604      0.092      0.981     -0.602      0.091      0.001      0.000      0.999      3.000 360
     0.040      0.900      0.040     -0.573      0.871      0.490     -0.148      0.007      0.490     -0.147      0.006      0.001      0.000      0.999      3.000 361
