     0.751      1.605      0.495      0.494      2.288      1.045     -0.361      0.059      1.000     -0.287      0.040      0.948      0.031      0.000      0.000      0.013      0.008      1.000   1
     1.511      0.669      0.933      0.009     -0.421      0.805     -0.274      0.040      1.000     -0.287      0.040      0.738      0.001      0.000      0.000      0.000      0.261      1.000   2
    -0.063     -0.122      0.017     -0.391     -0.175      0.250     -0.231      0.041      0.247     -0.231      0.041      0.005      0.000      0.000      0.001      0.000      0.994      6.000   3
     0.249      0.656      0.000      0.171     -0.212      0.301     -0.235      0.041      0.247     -0.231      0.041      0.072      0.000      0.000      0.000      0.000      0.928      6.000   4
     0.559      0.868     -0.930     -0.100      0.151      0.287     -0.235      0.041      0.247     -0.231      0.041      0.051      0.000      0.000      0.000      0.000      0.948      6.000   5
    -0.546     -0.361     -0.282     -0.925      0.000      0.229     -0.230      0.040      0.247     -0.231      0.041      0.000      0.000      0.000      0.021      0.000      0.979      6.000   6
    -0.702      0.357     -1.303     -0.894     -0.294      0.136     -0.225      0.038      0.247     -0.231      0.041      0.000      0.000      0.000      0.123      0.000      0.877      6.000   7
     0.096     -0.409      0.537      0.241      0.142      0.272     -0.233      0.041      0.247     -0.231      0.041      0.032      0.000      0.000      0.000      0.000      0.968      6.000   8
     2.392      0.949      0.345     -0.496      2.170      2.393     -2.070      0.448      2.438     -2.127      0.461      0.031      0.969      0.000      0.000      0.000      0.000      2.000   9
     0.525     -0.386      0.225     -0.913      0.274      0.258     -0.232      0.041      0.247     -0.231      0.041      0.014      0.000      0.000      0.000      0.000      0.986      6.000  10
     0.250      1.282     -0.122      0.110      0.297      0.451     -0.246      0.040      0.247     -0.231      0.041      0.270      0.000      0.000      0.000      0.000      0.730      6.000  11
     1.075      0.071     -0.343      0.719     -0.095      0.365     -0.241      0.041      0.247     -0.231      0.041      0.156      0.000      0.000      0.000      0.000      0.844      6.000  12
     0.480      0.866      0.468      0.081      0.835      0.691     -0.265      0.040      1.000     -0.287      0.040      0.588      0.000      0.000      0.000      0.000      0.411      1.000  13
    -0.339      0.445      0.403     -0.178     -0.296      0.260     -0.232      0.041      0.247     -0.231      0.041      0.017      0.000      0.000      0.000      0.000      0.982      6.000  14
     0.131      0.406      0.483      0.213      0.998      0.483     -0.249      0.040      0.247     -0.231      0.041      0.313      0.000      0.000      0.000      0.000      0.687      6.000  15
    -0.028      0.550     -0.014      0.521      0.425      0.334     -0.238      0.041      0.247     -0.231      0.041      0.115      0.000      0.000      0.000      0.000      0.885      6.000  16
    -0.539      0.709      0.183      0.242      0.395      0.289     -0.234      0.041      0.247     -0.231      0.041      0.055      0.000      0.000      0.000      0.000      0.945      6.000  17
     0.390     -1.484     -0.569      0.466      0.171      0.247     -0.231      0.041      0.247     -0.231      0.041      0.002      0.000      0.000      0.002      0.000      0.996      6.000  18
     0.919      0.254      0.400      0.762      0.835      0.779     -0.273      0.041      1.000     -0.287      0.040      0.702      0.002      0.000      0.000      0.000      0.296      1.000  19
     1.738      0.761     -0.007      1.525      1.789      1.475     -0.908      0.184      1.000     -0.287      0.040      0.655      0.329      0.000      0.000      0.012      0.004      1.000  20
     0.249     -0.083      0.540      0.113     -0.129      0.283     -0.234      0.041      0.247     -0.231      0.041      0.047      0.000      0.000      0.000      0.000      0.953      6.000  21
     0.382      0.792      0.148      0.683     -0.162      0.437     -0.245      0.040      0.247     -0.231      0.041      0.252      0.000      0.000      0.000      0.000      0.748      6.000  22
     0.176      0.170      0.313      0.328     -0.113      0.292     -0.235      0.041      0.247     -0.231      0.041      0.059      0.000      0.000      0.000      0.000      0.941      6.000  23
     0.210      0.457      0.217      0.259      0.320      0.352     -0.239      0.041      0.247     -0.231      0.041      0.139      0.000      0.000      0.000      0.000      0.861      6.000  24
     0.046      0.155     -0.168      0.060     -0.237      0.257     -0.232      0.041      0.247     -0.231      0.041      0.013      0.000      0.000      0.000      0.000      0.987      6.000  25
     0.886     -0.853     -0.114      0.087      0.585      0.275     -0.234      0.041      0.247     -0.231      0.041      0.036      0.000      0.000      0.000      0.000      0.964      6.000  26
     0.700      0.196     -0.170      0.399      0.445      0.374     -0.241      0.041      0.247     -0.231      0.041      0.167      0.000      0.000      0.000      0.000      0.832      6.000  27
     1.031      0.094     -0.129     -0.233      0.888      0.422     -0.251      0.042      0.247     -0.231      0.041      0.220      0.003      0.000      0.000      0.000      0.776      6.000  28
     1.023      0.690     -0.300      0.459      0.799      0.691     -0.275      0.043      1.000     -0.287      0.040      0.572      0.006      0.000      0.000      0.000      0.422      1.000  29
    -0.235     -0.014     -1.229     -0.561     -0.220      0.217     -0.230      0.040      0.247     -0.231      0.041      0.000      0.000      0.000      0.034      0.000      0.966      6.000  30
    -0.329      0.113      0.439      0.468     -0.594      0.259     -0.232      0.041      0.247     -0.231      0.041      0.015      0.000      0.000      0.000      0.000      0.984      6.000  31
     0.367     -0.720      0.156      0.087      0.314      0.261     -0.232      0.041      0.247     -0.231      0.041      0.018      0.000      0.000      0.000      0.000      0.982      6.000  32
     0.451      1.068      1.093     -0.263      0.394      0.744     -0.268      0.040      1.000     -0.287      0.040      0.659      0.000      0.000      0.000      0.000      0.341      1.000  33
     0.108      0.327     -0.603     -0.040      0.207      0.259     -0.232      0.041      0.247     -0.231      0.041      0.016      0.000      0.000      0.000      0.000      0.984      6.000  34
    -0.457     -0.177      0.374      1.209      0.048      0.275     -0.233      0.041      0.247     -0.231      0.041      0.037      0.000      0.000      0.000      0.000      0.963      6.000  35
    -0.644      0.273     -0.092     -0.739     -0.412      0.241     -0.231      0.041      0.247     -0.231      0.041      0.001      0.000      0.000      0.009      0.000      0.990      6.000  36
     0.571      0.039      0.711     -0.807      0.852      0.365     -0.240      0.041      0.247     -0.231      0.041      0.155      0.000      0.000      0.000      0.000      0.844      6.000  37
    -0.373     -0.408     -0.237     -0.304     -0.149      0.243     -0.231      0.041      0.247     -0.231      0.041      0.001      0.000      0.000      0.006      0.000      0.993      6.000  38
     0.381      0.135      0.096      0.724      1.794      0.686     -0.268      0.041      1.000     -0.287      0.040      0.576      0.002      0.000      0.000      0.001      0.422      1.000  39
    -0.138      0.148     -0.197      0.110      0.481      0.265     -0.232      0.041      0.247     -0.231      0.041      0.023      0.000      0.000      0.000      0.000      0.977      6.000  40
    -0.357     -0.489     -1.525     -0.451     -0.420     -0.020     -0.218      0.033      0.247     -0.231      0.041      0.000      0.000      0.000      0.294      0.000      0.706      6.000  41
     0.360     -1.211     -0.636     -0.033     -0.995      0.158     -0.227      0.038      0.247     -0.231      0.041      0.000      0.000      0.000      0.099      0.000      0.901      6.000  42
    -0.307      0.280     -0.112      0.180     -0.005      0.258     -0.232      0.041      0.247     -0.231      0.041      0.014      0.000      0.000      0.000      0.000      0.986      6.000  43
     0.478     -0.103      0.104      0.357     -0.018      0.289     -0.234      0.041      0.247     -0.231      0.041      0.055      0.000      0.000      0.000      0.000      0.945      6.000  44
     0.347      0.469     -0.417      0.664     -0.976      0.264     -0.232      0.041      0.247     -0.231      0.041      0.022      0.000      0.000      0.000      0.000      0.978      6.000  45
     0.789      0.609      0.368      0.287      0.540      0.663     -0.263      0.040      1.000     -0.287      0.040      0.550      0.001      0.000      0.000      0.000      0.449      1.000  46
     0.813      1.031      0.383     -0.013     -0.086      0.592     -0.257      0.040      0.247     -0.231      0.041      0.457      0.000      0.000      0.000      0.000      0.543      6.000  47
     0.360     -0.832     -1.015     -0.131     -0.079      0.241     -0.231      0.041      0.247     -0.231      0.041      0.001      0.000      0.000      0.009      0.000      0.990      6.000  48
     1.945      0.470      1.768      0.567      0.933      1.031     -0.330      0.050      1.000     -0.287      0.040      0.972      0.024      0.000      0.000      0.000      0.004      1.000  49
    -0.504     -1.132     -1.224     -0.673     -0.899     -0.572     -0.189      0.018     -0.662     -0.185      0.016      0.000      0.000      0.000      0.901      0.000      0.099      4.000  50
    -0.623      0.930     -1.248      2.267      1.103      0.394     -0.242      0.041      0.247     -0.231      0.041      0.195      0.000      0.000      0.000      0.000      0.805      6.000  51
     0.735      2.064      0.791      0.517      0.877      0.990     -0.288      0.040      1.000     -0.287      0.040      0.985      0.001      0.000      0.000      0.000      0.014      1.000  52
    -0.097      0.059     -2.214      2.213      0.038      0.252     -0.232      0.041      0.247     -0.231      0.041      0.006      0.000      0.000      0.000      0.000      0.993      6.000  53
     0.711      0.346     -0.071     -0.163     -1.294      0.258     -0.232      0.041      0.247     -0.231      0.041      0.015      0.000      0.000      0.001      0.000      0.984      6.000  54
     1.392      0.665     -0.893      1.590     -2.576      0.279     -0.234      0.041      0.247     -0.231      0.041      0.043      0.000      0.000      0.001      0.000      0.957      6.000  55
     0.691      2.107     -1.114      1.761      0.294      0.903     -0.282      0.040      1.000     -0.287      0.040      0.868      0.001      0.000      0.000      0.000      0.131      1.000  56
    -0.246      0.060     -0.753      1.636     -0.091      0.263     -0.232      0.041      0.247     -0.231      0.041      0.020      0.000      0.000      0.000      0.000      0.980      6.000  57
    -0.552     -0.421      0.902     -0.719     -1.004      0.231     -0.230      0.040      0.247     -0.231      0.041      0.001      0.000      0.000      0.019      0.000      0.980      6.000  58
     1.003      1.296      1.549     -0.315      0.619      0.971     -0.286      0.040      1.000     -0.287      0.040      0.959      0.001      0.000      0.000      0.000      0.040      1.000  59
     0.246     -0.566     -1.476      0.265     -0.221      0.238     -0.231      0.041      0.247     -0.231      0.041      0.001      0.000      0.000      0.012      0.000      0.987      6.000  60
     0.297     -0.843     -0.102      0.709     -0.879      0.248     -0.231      0.041      0.247     -0.231      0.041      0.004      0.000      0.000      0.002      0.000      0.994      6.000  61
    -0.276     -0.197     -0.643      0.127     -1.010      0.217     -0.230      0.040      0.247     -0.231      0.041      0.001      0.000      0.000      0.034      0.000      0.965      6.000  62
     0.705      1.129      0.539      1.434      0.881      0.971     -0.286      0.040      1.000     -0.287      0.040      0.960      0.001      0.000      0.000      0.000      0.040      1.000  63
     0.112      0.493      0.613     -0.032      0.420      0.380     -0.241      0.041      0.247     -0.231      0.041      0.176      0.000      0.000      0.000      0.000      0.824      6.000  64
     0.331      0.751      0.526      0.887      0.673      0.757     -0.269      0.040      1.000     -0.287      0.040      0.677      0.000      0.000      0.000      0.000      0.323      1.000  65
    -0.457      0.275      0.808      0.429     -1.015      0.259     -0.232      0.041      0.247     -0.231      0.041      0.016      0.000      0.000      0.000      0.000      0.984      6.000  66
     0.567      0.930     -0.099     -0.521     -0.018      0.323     -0.237      0.041      0.247     -0.231      0.041      0.101      0.000      0.000      0.000      0.000      0.899      6.000  67
    -0.364     -0.130     -0.730     -0.079     -0.209      0.242     -0.231      0.041      0.247     -0.231      0.041      0.001      0.000      0.000      0.007      0.000      0.992      6.000  68
     0.384      1.463     -0.236      0.451      0.182      0.569     -0.255      0.040      0.247     -0.231      0.041      0.427      0.000      0.000      0.000      0.000      0.573      6.000  69
     1.982      0.043      0.584      0.286      0.544      0.998     -0.395      0.066      1.000     -0.287      0.040      0.818      0.062      0.000      0.000      0.000      0.120      1.000  70
    -0.300      0.359      0.487     -0.584      0.537      0.273     -0.233      0.041      0.247     -0.231      0.041      0.033      0.000      0.000      0.000      0.000      0.967      6.000  71
     0.368     -0.300      0.257      0.199     -0.518      0.260     -0.232      0.041      0.247     -0.231      0.041      0.017      0.000      0.000      0.000      0.000      0.983      6.000  72
     1.056      0.220      0.089      0.491      0.246      0.520     -0.253      0.041      0.247     -0.231      0.041      0.361      0.001      0.000      0.000      0.000      0.639      6.000  73
     0.078      1.046      0.432      0.925      0.941      0.802     -0.272      0.040      1.000     -0.287      0.040      0.738      0.000      0.000      0.000      0.000      0.262      1.000  74
     0.052     -0.204     -0.837     -0.761     -0.314      0.228     -0.230      0.040      0.247     -0.231      0.041      0.001      0.000      0.000      0.022      0.000      0.977      6.000  75
    -0.416      0.942     -0.849      1.516     -0.132      0.285     -0.234      0.041      0.247     -0.231      0.041      0.050      0.000      0.000      0.000      0.000      0.950      6.000  76
    -0.019     -0.343     -0.131     -0.433     -0.235      0.247     -0.231      0.041      0.247     -0.231      0.041      0.003      0.000      0.000      0.003      0.000      0.995      6.000  77
     0.971     -0.320     -0.371     -0.283      0.206      0.271     -0.235      0.041      0.247     -0.231      0.041      0.028      0.000      0.001      0.000      0.000      0.971      6.000  78
     1.222      0.350     -0.478     -0.560     -0.071      0.306     -0.249      0.044      0.247     -0.231      0.041      0.064      0.001      0.005      0.000      0.000      0.931      6.000  79
     1.475     -0.528      0.623      0.364      0.007      0.495     -0.251      0.041      0.247     -0.231      0.041      0.326      0.001      0.000      0.000      0.000      0.673      6.000  80
     0.764      0.363      1.096      0.572     -0.046      0.707     -0.265      0.040      1.000     -0.287      0.040      0.611      0.000      0.000      0.000      0.000      0.389      1.000  81
     1.105      0.480      0.132      0.951     -0.327      0.602     -0.258      0.040      0.247     -0.231      0.041      0.470      0.000      0.000      0.000      0.000      0.529      6.000  82
    -0.426      0.722     -0.054      0.416     -0.314      0.265     -0.233      0.041      0.247     -0.231      0.041      0.024      0.000      0.000      0.000      0.000      0.976      6.000  83
    -0.619     -0.483     -0.583      0.145     -0.208      0.237     -0.231      0.040      0.247     -0.231      0.041      0.001      0.000      0.000      0.012      0.000      0.987      6.000  84
     0.035      1.103      0.664      0.329      0.670      0.681     -0.263      0.040      1.000     -0.287      0.040      0.577      0.000      0.000      0.000      0.000      0.423      1.000  85
     0.949      0.649      0.394      1.127      0.241      0.839     -0.276      0.040      1.000     -0.287      0.040      0.786      0.000      0.000      0.000      0.000      0.214      1.000  86
     0.296     -0.257      0.559      0.719     -0.731      0.275     -0.233      0.041      0.247     -0.231      0.041      0.037      0.000      0.000      0.000      0.000      0.963      6.000  87
     0.436     -0.244      0.724      0.572     -0.153      0.331     -0.237      0.041      0.247     -0.231      0.041      0.111      0.000      0.000      0.000      0.000      0.889      6.000  88
     0.358      0.052     -1.103      0.187      0.473      0.258     -0.232      0.041      0.247     -0.231      0.041      0.013      0.000      0.000      0.000      0.000      0.987      6.000  89
     0.820      0.449     -0.127      0.753      0.848      0.659     -0.265      0.041      1.000     -0.287      0.040      0.541      0.002      0.000      0.000      0.000      0.457      1.000  90
     1.507      0.440      0.103     -0.517     -0.243      0.433     -0.254      0.042      0.247     -0.231      0.041      0.235      0.002      0.002      0.000      0.000      0.761      6.000  91
     1.009      0.119     -0.247      0.418     -0.084      0.342     -0.239      0.041      0.247     -0.231      0.041      0.125      0.000      0.000      0.000      0.000      0.874      6.000  92
     1.234     -0.492      0.130      0.077     -0.551      0.281     -0.234      0.041      0.247     -0.231      0.041      0.044      0.000      0.000      0.000      0.000      0.955      6.000  93
     0.727      0.687      0.338      0.797      0.138      0.675     -0.263      0.040      1.000     -0.287      0.040      0.568      0.000      0.000      0.000      0.000      0.432      1.000  94
     1.702     -0.023      0.637     -0.023     -0.534      0.528     -0.255      0.041      0.247     -0.231      0.041      0.369      0.001      0.000      0.000      0.000      0.629      6.000  95
     0.715      1.613      1.153      1.320      0.406      0.990     -0.286      0.040      1.000     -0.287      0.040      0.987      0.000      0.000      0.000      0.000      0.013      1.000  96
     1.144     -0.041     -1.566      0.281      0.666      0.328     -0.305      0.056      0.247     -0.231      0.041      0.035      0.003      0.024      0.000      0.000      0.938      6.000  97
     1.508     -1.725      0.408     -1.474      0.423      0.358     -0.380      0.072      0.247     -0.231      0.041      0.006      0.000      0.053      0.001      0.000      0.940      6.000  98
     0.493      0.891      0.485      0.318     -0.438      0.455     -0.247      0.040      0.247     -0.231      0.041      0.276      0.000      0.000      0.000      0.000      0.724      6.000  99
     0.709     -0.009     -0.068      0.633     -0.468      0.293     -0.235      0.041      0.247     -0.231      0.041      0.060      0.000      0.000      0.000      0.000      0.939      6.000 100
    -0.272      0.142      0.000     -0.767      0.090      0.250     -0.231      0.041      0.247     -0.231      0.041      0.005      0.000      0.000      0.001      0.000      0.994      6.000 101
    -0.343     -0.204     -0.231     -0.180     -0.422      0.244     -0.231      0.041      0.247     -0.231      0.041      0.002      0.000      0.000      0.005      0.000      0.993      6.000 102
     0.485      0.440     -0.310     -0.482      0.282      0.278     -0.234      0.041      0.247     -0.231      0.041      0.041      0.000      0.000      0.000      0.000      0.959      6.000 103
     0.026      0.772     -0.189     -0.962     -1.015      0.244     -0.231      0.041      0.247     -0.231      0.041      0.004      0.000      0.000      0.006      0.000      0.990      6.000 104
     0.690     -1.998     -1.167     -0.889     -1.966     -0.655     -0.185      0.016     -0.662     -0.185      0.016      0.000      0.000      0.000      0.992      0.000      0.008      4.000 105
     1.167      0.235     -0.047      0.051     -0.147      0.371     -0.241      0.041      0.247     -0.231      0.041      0.163      0.000      0.000      0.000      0.000      0.836      6.000 106
    -0.142     -0.341     -0.189     -0.770      0.549      0.249     -0.231      0.041      0.247     -0.231      0.041      0.003      0.000      0.000      0.001      0.000      0.996      6.000 107
     1.265     -0.383      0.508     -0.132      0.313      0.413     -0.245      0.041      0.247     -0.231      0.041      0.217      0.001      0.000      0.000      0.000      0.782      6.000 108
     0.201      0.091     -0.253      0.407      0.704      0.300     -0.235      0.041      0.247     -0.231      0.041      0.070      0.000      0.000      0.000      0.000      0.930      6.000 109
    -0.217     -0.065     -0.748     -0.298     -0.415      0.237     -0.231      0.040      0.247     -0.231      0.041      0.001      0.000      0.000      0.012      0.000      0.987      6.000 110
     0.286      0.437      0.232     -0.503     -0.163      0.274     -0.233      0.041      0.247     -0.231      0.041      0.035      0.000      0.000      0.000      0.000      0.964      6.000 111
    -0.452      0.838     -0.058      1.379     -0.987      0.275     -0.233      0.041      0.247     -0.231      0.041      0.037      0.000      0.000      0.000      0.000      0.963      6.000 112
     1.494      1.141     -0.326      1.602      1.947      1.425     -0.857      0.177      1.000     -0.287      0.040      0.676      0.287      0.000      0.000      0.033      0.004      1.000 113
     1.221      2.735      0.575      0.432      0.531      1.002     -0.294      0.041      1.000     -0.287      0.040      0.992      0.004      0.000      0.000      0.000      0.004      1.000 114
    -0.365      1.127      1.394      1.211     -0.460      0.684     -0.264      0.040      1.000     -0.287      0.040      0.580      0.000      0.000      0.000      0.000      0.420      1.000 115
     0.154      0.519     -0.155      0.049      0.870      0.341     -0.238      0.041      0.247     -0.231      0.041      0.124      0.000      0.000      0.000      0.000      0.875      6.000 116
     0.618     -0.632     -0.498     -0.021     -0.388      0.249     -0.232      0.041      0.247     -0.231      0.041      0.004      0.000      0.000      0.002      0.000      0.994      6.000 117
     1.145      0.897      0.010      0.381      0.477      0.790     -0.279      0.042      1.000     -0.287      0.040      0.709      0.004      0.000      0.000      0.000      0.287      1.000 118
     1.611      1.005      0.122      0.895     -0.319      0.898     -0.285      0.041      1.000     -0.287      0.040      0.855      0.003      0.000      0.000      0.000      0.142      1.000 119
     0.539      1.032     -0.012      1.335     -0.545      0.571     -0.255      0.040      0.247     -0.231      0.041      0.430      0.000      0.000      0.000      0.000      0.570      6.000 120
    -0.732      0.420     -0.226     -0.291     -0.386      0.246     -0.231      0.041      0.247     -0.231      0.041      0.002      0.000      0.000      0.004      0.000      0.994      6.000 121
     1.853     -0.293     -0.075     -0.293      0.060      0.461     -0.333      0.060      0.247     -0.231      0.041      0.186      0.011      0.025      0.000      0.000      0.778      6.000 122
     0.462     -0.442     -0.319      0.748     -0.319      0.260     -0.232      0.041      0.247     -0.231      0.041      0.016      0.000      0.000      0.000      0.000      0.984      6.000 123
    -0.575      0.646     -0.013      0.646      0.174      0.279     -0.234      0.041      0.247     -0.231      0.041      0.041      0.000      0.000      0.000      0.000      0.959      6.000 124
     1.148      0.642      1.318     -1.548      0.336      0.615     -0.260      0.041      0.247     -0.231      0.041      0.485      0.001      0.000      0.000      0.000      0.514      6.000 125
     0.279     -0.107      0.128     -0.686      0.210      0.258     -0.232      0.041      0.247     -0.231      0.041      0.014      0.000      0.000      0.000      0.000      0.985      6.000 126
    -0.130      1.421      0.152      0.243      0.270      0.461     -0.247      0.040      0.247     -0.231      0.041      0.284      0.000      0.000      0.000      0.000      0.716      6.000 127
    -0.381     -0.017     -0.685     -0.788     -0.314      0.221     -0.230      0.040      0.247     -0.231      0.041      0.001      0.000      0.000      0.030      0.000      0.970      6.000 128
     0.208      0.717     -0.850      0.241      0.250      0.277     -0.233      0.041      0.247     -0.231      0.041      0.039      0.000      0.000      0.000      0.000      0.961      6.000 129
     0.306      0.503     -0.173     -0.318      0.349      0.288     -0.234      0.041      0.247     -0.231      0.041      0.053      0.000      0.000      0.000      0.000      0.946      6.000 130
    -0.059     -0.200     -0.683     -0.492     -0.679      0.219     -0.230      0.040      0.247     -0.231      0.041      0.001      0.000      0.000      0.032      0.000      0.967      6.000 131
    -0.070     -0.975      0.605     -0.275     -0.285      0.248     -0.231      0.041      0.247     -0.231      0.041      0.003      0.000      0.000      0.002      0.000      0.995      6.000 132
     1.765      1.185     -0.644      1.127     -0.276      0.892     -0.307      0.046      1.000     -0.287      0.040      0.811      0.016      0.000      0.000      0.000      0.173      1.000 133
    -0.492     -0.238     -0.100     -0.049      0.352      0.250     -0.231      0.041      0.247     -0.231      0.041      0.005      0.000      0.000      0.000      0.000      0.995      6.000 134
    -0.125      0.477     -0.082      0.398      0.398      0.296     -0.235      0.041      0.247     -0.231      0.041      0.065      0.000      0.000      0.000      0.000      0.935      6.000 135
    -0.443      1.136     -0.338     -1.063      0.512      0.258     -0.232      0.041      0.247     -0.231      0.041      0.015      0.000      0.000      0.000      0.000      0.985      6.000 136
     0.630     -0.123      0.609     -1.372     -0.501      0.254     -0.232      0.041      0.247     -0.231      0.041      0.010      0.000      0.000      0.001      0.000      0.989      6.000 137
     0.316      1.162      0.420      0.569      0.208      0.673     -0.263      0.040      1.000     -0.287      0.040      0.566      0.000      0.000      0.000      0.000      0.434      1.000 138
     0.105      0.163     -0.141      0.139      0.028      0.265     -0.233      0.041      0.247     -0.231      0.041      0.024      0.000      0.000      0.000      0.000      0.976      6.000 139
     0.525     -0.854      1.063     -0.165     -1.018      0.254     -0.232      0.041      0.247     -0.231      0.041      0.010      0.000      0.000      0.001      0.000      0.989      6.000 140
    -0.060     -0.003      0.153      0.370      0.440      0.282     -0.234      0.041      0.247     -0.231      0.041      0.047      0.000      0.000      0.000      0.000      0.953      6.000 141
    -0.478     -0.142     -0.159     -0.636     -0.125      0.243     -0.231      0.041      0.247     -0.231      0.041      0.001      0.000      0.000      0.006      0.000      0.993      6.000 142
    -0.015      0.473      0.350     -0.650      0.779      0.301     -0.235      0.041      0.247     -0.231      0.041      0.072      0.000      0.000      0.000      0.000      0.928      6.000 143
     0.851      0.823     -0.226     -0.289      0.312      0.412     -0.245      0.041      0.247     -0.231      0.041      0.217      0.001      0.000      0.000      0.000      0.782      6.000 144
     0.495      0.279     -0.126      0.167      0.315      0.318     -0.237      0.041      0.247     -0.231      0.041      0.094      0.000      0.000      0.000      0.000      0.906      6.000 145
     0.059     -0.028      0.114     -0.596     -0.738      0.247     -0.231      0.041      0.247     -0.231      0.041      0.003      0.000      0.000      0.004      0.000      0.993      6.000 146
    -0.277     -0.217      0.403     -0.670      0.324      0.253     -0.232      0.041      0.247     -0.231      0.041      0.007      0.000      0.000      0.000      0.000      0.992      6.000 147
     0.535      0.207      1.022      0.626      0.418      0.676     -0.263      0.040      1.000     -0.287      0.040      0.569      0.000      0.000      0.000      0.000      0.430      1.000 148
     0.312     -0.142      0.044      0.258      0.108      0.274     -0.233      0.041      0.247     -0.231      0.041      0.036      0.000      0.000      0.000      0.000      0.964      6.000 149
     0.994      0.961      1.477      0.381     -0.130      0.931     -0.282      0.040      1.000     -0.287      0.040      0.908      0.000      0.000      0.000      0.000      0.092      1.000 150
    -0.085      0.399     -0.611     -1.477      0.413      0.247     -0.231      0.041      0.247     -0.231      0.041      0.003      0.000      0.000      0.002      0.000      0.995      6.000 151
     0.539      1.062      0.617      1.262      0.121      0.874     -0.278      0.040      1.000     -0.287      0.040      0.833      0.000      0.000      0.000      0.000      0.167      1.000 152
     0.941      1.259      0.633      0.428      0.483      0.929     -0.283      0.040      1.000     -0.287      0.040      0.904      0.001      0.000      0.000      0.000      0.095      1.000 153
     0.629      0.289      0.079      0.481     -0.550      0.309     -0.236      0.041      0.247     -0.231      0.041      0.082      0.000      0.000      0.000      0.000      0.918      6.000 154
     0.312      0.370     -0.179     -0.200      0.539      0.294     -0.235      0.041      0.247     -0.231      0.041      0.062      0.000      0.000      0.000      0.000      0.938      6.000 155
     1.569      0.602      0.545      0.789      0.646      0.979     -0.310      0.046      1.000     -0.287      0.040      0.931      0.014      0.000      0.000      0.000      0.055      1.000 156
     0.549      1.056      0.390      1.098      0.851      0.913     -0.281      0.040      1.000     -0.287      0.040      0.883      0.000      0.000      0.000      0.000      0.116      1.000 157
     0.864     -0.582     -0.134      0.407     -0.444      0.263     -0.232      0.041      0.247     -0.231      0.041      0.021      0.000      0.000      0.000      0.000      0.979      6.000 158
    -0.507     -1.027     -0.325     -1.269     -0.385     -0.123     -0.212      0.031      0.247     -0.231      0.041      0.000      0.000      0.000      0.408      0.000      0.592      6.000 159
    -0.664      0.877     -0.430      0.118     -0.812      0.248     -0.231      0.041      0.247     -0.231      0.041      0.004      0.000      0.000      0.002      0.000      0.994      6.000 160
     0.421      0.182      0.078     -0.369     -0.511      0.260     -0.232      0.041      0.247     -0.231      0.041      0.017      0.000      0.000      0.000      0.000      0.983      6.000 161
     0.295      0.297     -0.028      0.216      0.339      0.311     -0.236      0.041      0.247     -0.231      0.041      0.085      0.000      0.000      0.000      0.000      0.915      6.000 162
     0.248     -0.428     -0.923     -0.052     -1.239      0.168     -0.227      0.039      0.247     -0.231      0.041      0.000      0.000      0.000      0.087      0.000      0.912      6.000 163
     2.194     -0.289     -1.352     -1.907      0.399      2.228     -3.014      0.623      2.231     -3.018      0.624      0.000      0.000      0.999      0.000      0.000      0.001      3.000 164
     0.007      0.572     -0.437      0.040     -0.768      0.252     -0.232      0.041      0.247     -0.231      0.041      0.008      0.000      0.000      0.001      0.000      0.991      6.000 165
    -0.638      0.089     -0.664     -0.295     -0.567      0.221     -0.230      0.040      0.247     -0.231      0.041      0.001      0.000      0.000      0.030      0.000      0.970      6.000 166
    -0.666     -0.441      0.214     -0.010     -0.569      0.241     -0.231      0.041      0.247     -0.231      0.041      0.001      0.000      0.000      0.008      0.000      0.991      6.000 167
     0.195     -0.236     -1.363     -0.596      0.589      0.248     -0.233      0.041      0.247     -0.231      0.041      0.002      0.000      0.001      0.003      0.000      0.995      6.000 168
     0.021      0.190     -0.303     -0.218      0.465      0.262     -0.232      0.041      0.247     -0.231      0.041      0.019      0.000      0.000      0.000      0.000      0.981      6.000 169
    -1.264      0.510      0.322     -1.609      0.688      0.247     -0.231      0.041      0.247     -0.231      0.041      0.002      0.000      0.000      0.002      0.000      0.996      6.000 170
    -0.342      0.564     -0.149      0.189     -1.041      0.249     -0.231      0.041      0.247     -0.231      0.041      0.005      0.000      0.000      0.002      0.000      0.993      6.000 171
    -0.067      0.081      0.113      0.084     -0.190      0.259     -0.232      0.041      0.247     -0.231      0.041      0.015      0.000      0.000      0.000      0.000      0.984      6.000 172
     1.072     -0.010      0.635     -0.999     -0.740      0.275     -0.234      0.041      0.247     -0.231      0.041      0.036      0.000      0.000      0.000      0.000      0.964      6.000 173
     1.655      0.479     -1.192     -1.817     -0.115      2.063     -2.782      0.575      2.231     -3.018      0.624      0.001      0.000      0.915      0.000      0.000      0.084      3.000 174
     0.188      0.317      0.622      0.525      0.374      0.441     -0.246      0.040      0.247     -0.231      0.041      0.258      0.000      0.000      0.000      0.000      0.742      6.000 175
     0.227     -0.583     -0.479      0.846      0.422      0.261     -0.232      0.041      0.247     -0.231      0.041      0.019      0.000      0.000      0.000      0.000      0.981      6.000 176
     0.100      0.217     -0.343      0.377      0.073      0.268     -0.233      0.041      0.247     -0.231      0.041      0.027      0.000      0.000      0.000      0.000      0.973      6.000 177
    -1.125      0.821      0.101     -0.326     -0.830      0.243     -0.231      0.041      0.247     -0.231      0.041      0.002      0.000      0.000      0.007      0.000      0.991      6.000 178
     1.285      0.290      0.728      0.735      1.345      0.984     -0.316      0.047      1.000     -0.287      0.040      0.929      0.017      0.000      0.000      0.000      0.053      1.000 179
    -0.241      0.040     -0.612     -0.344     -0.385      0.242     -0.231      0.041      0.247     -0.231      0.041      0.001      0.000      0.000      0.007      0.000      0.991      6.000 180
     0.141      0.895      0.805      0.619      1.265      0.867     -0.277      0.040      1.000     -0.287      0.040      0.823      0.000      0.000      0.000      0.000      0.177      1.000 181
     0.822      0.849     -0.822      1.868      0.192      0.681     -0.264      0.040      1.000     -0.287      0.040      0.574      0.001      0.000      0.000      0.000      0.425      1.000 182
     0.529      0.507     -0.040     -0.333     -0.853      0.263     -0.232      0.041      0.247     -0.231      0.041      0.021      0.000      0.000      0.000      0.000      0.979      6.000 183
    -0.088      0.064     -0.697     -0.307      0.302      0.250     -0.231      0.041      0.247     -0.231      0.041      0.005      0.000      0.000      0.001      0.000      0.995      6.000 184
     0.278      0.315      0.035      0.135     -0.242      0.278     -0.233      0.041      0.247     -0.231      0.041      0.040      0.000      0.000      0.000      0.000      0.959      6.000 185
     0.093      0.567     -0.996     -0.821     -1.388      0.141     -0.226      0.038      0.247     -0.231      0.041      0.000      0.000      0.000      0.117      0.000      0.882      6.000 186
     2.198     -0.742     -0.364     -0.065      1.678      2.189     -1.907      0.410      2.438     -2.127      0.461      0.084      0.819      0.043      0.000      0.000      0.054      2.000 187
    -1.066      0.295     -0.486     -0.707     -0.327      0.211     -0.229      0.040      0.247     -0.231      0.041      0.000      0.000      0.000      0.041      0.000      0.959      6.000 188
     0.853      0.683     -0.480      0.223     -0.480      0.312     -0.236      0.041      0.247     -0.231      0.041      0.085      0.000      0.000      0.000      0.000      0.915      6.000 189
     0.673      0.475      0.294     -1.135     -0.054      0.283     -0.234      0.041      0.247     -0.231      0.041      0.047      0.000      0.000      0.000      0.000      0.953      6.000 190
     1.058      0.610      1.247      0.780      0.787      0.970     -0.287      0.040      1.000     -0.287      0.040      0.958      0.001      0.000      0.000      0.000      0.041      1.000 191
     1.908      1.783      1.576      1.351      1.707      1.131     -0.456      0.078      1.000     -0.287      0.040      0.908      0.091      0.000      0.000      0.002      0.000      1.000 192
    -0.129     -0.505     -0.611      1.352      1.744      0.315     -0.237      0.041      0.247     -0.231      0.041      0.089      0.000      0.000      0.000      0.000      0.911      6.000 193
     0.873      0.256      0.800      0.126      0.696      0.705     -0.266      0.040      1.000     -0.287      0.040      0.606      0.001      0.000      0.000      0.000      0.394      1.000 194
     1.278      1.792      0.581     -0.946      0.096      0.875     -0.284      0.041      1.000     -0.287      0.040      0.824      0.004      0.000      0.000      0.000      0.172      1.000 195
     1.290      0.568      0.008      0.174      0.723      0.764     -0.292      0.045      1.000     -0.287      0.040      0.650      0.013      0.000      0.000      0.000      0.337      1.000 196
     0.560     -0.453      0.818     -0.159     -0.306      0.277     -0.233      0.041      0.247     -0.231      0.041      0.039      0.000      0.000      0.000      0.000      0.961      6.000 197
     1.146      0.410      0.001      0.410      0.428      0.621     -0.263      0.041      0.247     -0.231      0.041      0.489      0.002      0.000      0.000      0.000      0.509      6.000 198
    -0.695     -0.028     -0.285     -2.847     -0.636     -0.538     -0.191      0.019     -0.662     -0.185      0.016      0.000      0.000      0.000      0.863      0.000      0.137      4.000 199
    -0.519      0.507     -0.639     -0.360     -1.439      0.147     -0.226      0.038      0.247     -0.231      0.041      0.000      0.000      0.000      0.111      0.000      0.889      6.000 200
     0.607      0.382     -0.131     -0.642      0.445      0.295     -0.235      0.041      0.247     -0.231      0.041      0.063      0.000      0.000      0.000      0.000      0.937      6.000 201
     0.183      0.553      0.450     -0.372     -0.528      0.275     -0.233      0.041      0.247     -0.231      0.041      0.037      0.000      0.000      0.000      0.000      0.963      6.000 202
     0.021     -0.177     -0.024      0.079      0.281      0.260     -0.232      0.041      0.247     -0.231      0.041      0.017      0.000      0.000      0.000      0.000      0.983      6.000 203
    -0.969     -1.123     -0.641     -0.982     -0.644     -0.541     -0.191      0.019     -0.662     -0.185      0.016      0.000      0.000      0.000      0.866      0.000      0.134      4.000 204
    -1.245      0.265     -0.571      0.265      0.039      0.245     -0.231      0.041      0.247     -0.231      0.041      0.001      0.000      0.000      0.003      0.000      0.995      6.000 205
    -0.041      0.737     -0.488     -0.509      1.113      0.288     -0.234      0.041      0.247     -0.231      0.041      0.054      0.000      0.000      0.000      0.000      0.946      6.000 206
     0.225      0.244      0.035      0.700      0.158      0.326     -0.237      0.041      0.247     -0.231      0.041      0.105      0.000      0.000      0.000      0.000      0.895      6.000 207
     0.885     -0.855     -0.959      0.178     -1.074      0.230     -0.233      0.041      0.247     -0.231      0.041      0.001      0.000      0.001      0.022      0.000      0.976      6.000 208
    -0.296      0.780     -0.757     -0.502     -0.584      0.244     -0.231      0.041      0.247     -0.231      0.041      0.002      0.000      0.000      0.005      0.000      0.992      6.000 209
     0.730      0.184      0.790     -0.184     -0.193      0.374     -0.241      0.041      0.247     -0.231      0.041      0.168      0.000      0.000      0.000      0.000      0.832      6.000 210
     0.253      1.899     -0.813      0.181     -0.580      0.332     -0.237      0.041      0.247     -0.231      0.041      0.112      0.000      0.000      0.000      0.000      0.888      6.000 211
     2.449      0.718      1.058      1.031      0.292      1.111     -0.433      0.073      1.000     -0.287      0.040      0.917      0.079      0.000      0.000      0.000      0.004      1.000 212
    -0.143      0.599     -0.364     -0.345      0.194      0.259     -0.232      0.041      0.247     -0.231      0.041      0.015      0.000      0.000      0.000      0.000      0.984      6.000 213
     2.157      0.531      1.653     -0.221      0.769      1.092     -0.413      0.069      1.000     -0.287      0.040      0.922      0.069      0.000      0.000      0.000      0.009      1.000 214
    -0.087     -0.587     -0.022      0.534      0.222      0.255     -0.232      0.041      0.247     -0.231      0.041      0.011      0.000      0.000      0.000      0.000      0.989      6.000 215
    -0.297      0.097      0.644     -0.174      0.606      0.284     -0.234      0.041      0.247     -0.231      0.041      0.049      0.000      0.000      0.000      0.000      0.951      6.000 216
     0.468      0.351     -0.689      0.083     -0.636      0.255     -0.232      0.041      0.247     -0.231      0.041      0.011      0.000      0.000      0.001      0.000      0.988      6.000 217
    -0.391      0.933     -0.233      0.158     -1.616      0.244     -0.231      0.041      0.247     -0.231      0.041      0.004      0.000      0.000      0.007      0.000      0.990      6.000 218
     0.306      0.441     -2.218     -0.143     -0.842      0.183     -0.234      0.040      0.247     -0.231      0.041      0.000      0.000      0.002      0.077      0.000      0.920      6.000 219
     1.328      0.495     -0.585      0.112     -0.501      0.333     -0.243      0.042      0.247     -0.231      0.041      0.108      0.000      0.002      0.000      0.000      0.890      6.000 220
     1.364      0.313      1.672     -0.521      0.095      0.842     -0.277      0.040      1.000     -0.287      0.040      0.788      0.001      0.000      0.000      0.000      0.211      1.000 221
     0.609      0.752      0.940      2.057      0.585      0.974     -0.285      0.040      1.000     -0.287      0.040      0.966      0.000      0.000      0.000      0.000      0.034      1.000 222
     0.545      0.757      1.680      0.518      2.000      0.993     -0.290      0.041      1.000     -0.287      0.040      0.985      0.001      0.000      0.000      0.001      0.012      1.000 223
     3.076      1.303     -0.065     -0.536      0.712      2.394     -2.079      0.450      2.438     -2.127      0.461      0.029      0.965      0.006      0.000      0.000      0.000      2.000 224
     0.632     -0.419     -0.171      0.584      0.785      0.324     -0.237      0.041      0.247     -0.231      0.041      0.101      0.000      0.000      0.000      0.000      0.899      6.000 225
     0.098     -0.228     -0.916     -0.518     -0.912      0.174     -0.228      0.039      0.247     -0.231      0.041      0.000      0.000      0.000      0.081      0.000      0.918      6.000 226
     0.716      0.428     -0.034     -0.771      0.206      0.294     -0.235      0.041      0.247     -0.231      0.041      0.061      0.000      0.000      0.000      0.000      0.938      6.000 227
    -0.269     -0.710     -0.431     -0.939     -1.533     -0.459     -0.195      0.021     -0.662     -0.185      0.016      0.000      0.000      0.000      0.777      0.000      0.223      4.000 228
     0.985     -0.700     -0.046      0.587      0.209      0.301     -0.235      0.041      0.247     -0.231      0.041      0.071      0.000      0.000      0.000      0.000      0.929      6.000 229
     0.359      0.096     -1.448      0.875      0.282      0.259     -0.232      0.041      0.247     -0.231      0.041      0.015      0.000      0.000      0.000      0.000      0.985      6.000 230
     0.127     -0.469     -0.070     -0.366      0.537      0.254     -0.232      0.041      0.247     -0.231      0.041      0.009      0.000      0.000      0.000      0.000      0.991      6.000 231
     0.139     -0.584      0.617     -0.381      0.289      0.260     -0.232      0.041      0.247     -0.231      0.041      0.016      0.000      0.000      0.000      0.000      0.984      6.000 232
     0.084      0.503      0.565      0.082      0.676      0.426     -0.244      0.040      0.247     -0.231      0.041      0.237      0.000      0.000      0.000      0.000      0.763      6.000 233
     0.609      0.203      0.719      0.906      0.260      0.636     -0.260      0.040      1.000     -0.287      0.040      0.516      0.000      0.000      0.000      0.000      0.483      1.000 234
     1.532     -1.669      0.195     -0.808      1.465      0.385     -0.358      0.067      0.247     -0.231      0.041      0.048      0.015      0.034      0.000      0.000      0.902      6.000 235
     0.233      1.323      0.381     -0.916      0.279      0.390     -0.242      0.041      0.247     -0.231      0.041      0.190      0.000      0.000      0.000      0.000      0.810      6.000 236
     0.825      1.673      0.990      0.901      0.217      0.980     -0.286      0.040      1.000     -0.287      0.040      0.973      0.000      0.000      0.000      0.000      0.027      1.000 237
     1.548      1.120      0.776     -0.355      1.148      1.060     -0.393      0.064      1.000     -0.287      0.040      0.910      0.059      0.000      0.000      0.000      0.032      1.000 238
     0.291     -0.216      0.111     -1.075      0.718      0.258     -0.232      0.041      0.247     -0.231      0.041      0.014      0.000      0.000      0.000      0.000      0.985      6.000 239
     0.258      1.323      0.268      0.644      0.167      0.668     -0.262      0.040      1.000     -0.287      0.040      0.559      0.000      0.000      0.000      0.000      0.441      1.000 240
     1.781      1.262      0.384     -0.355     -0.620      0.813     -0.282      0.042      1.000     -0.287      0.040      0.738      0.004      0.000      0.000      0.000      0.257      1.000 241
     0.900      1.366     -0.711     -0.956      1.704      0.827     -0.460      0.085      1.000     -0.287      0.040      0.463      0.103      0.003      0.000      0.000      0.431      1.000 242
    -0.541      0.038     -0.049     -0.698     -0.999      0.199     -0.229      0.039      0.247     -0.231      0.041      0.000      0.000      0.000      0.053      0.000      0.946      6.000 243
     0.988      0.383     -1.181      2.476      3.576      1.480     -1.585      0.530      1.480     -1.585      0.530      0.000      0.000      0.000      0.000      1.000      0.000      5.000 244
     2.290     -0.583      1.205     -0.628      0.928      1.292     -0.762      0.150      1.000     -0.287      0.040      0.631      0.258      0.002      0.000      0.000      0.109      1.000 245
    -0.054      1.067     -0.537      1.685      0.807      0.625     -0.259      0.040      1.000     -0.287      0.040      0.501      0.000      0.000      0.000      0.000      0.499      1.000 246
     0.194      0.763      0.310      0.676     -0.238      0.400     -0.243      0.040      0.247     -0.231      0.041      0.203      0.000      0.000      0.000      0.000      0.797      6.000 247
    -1.726      0.247     -1.043     -0.495      1.143      0.241     -0.231      0.041      0.247     -0.231      0.041      0.000      0.000      0.000      0.007      0.000      0.993      6.000 248
     1.226      3.621     -0.640     -0.968      2.106      1.945     -1.498      0.317      2.438     -2.127      0.461      0.341      0.658      0.000      0.000      0.000      0.001      2.000 249
    -0.015     -0.172     -1.066     -0.898      0.539      0.245     -0.232      0.041      0.247     -0.231      0.041      0.001      0.000      0.000      0.004      0.000      0.994      6.000 250
     3.130      1.864     -1.140      1.389      1.714      2.435     -2.124      0.461      2.438     -2.127      0.461      0.002      0.998      0.000      0.000      0.000      0.000      2.000 251
     1.340     -0.582     -1.233     -2.226          *      2.026     -2.759      0.570      2.231     -3.018      0.624      0.000      0.000      0.908      0.023      0.000      0.069      3.000 252
     0.483      0.691     -0.509     -2.014      0.339      0.261     -0.243      0.043      0.247     -0.231      0.041      0.008      0.000      0.004      0.001      0.000      0.987      6.000 253
     2.216      0.000      1.900      1.309      3.482      1.480     -1.585      0.530      1.480     -1.585      0.530      0.000      0.000      0.000      0.000      1.000      0.000      5.000 254
     1.380      0.791      0.801      0.313      0.473      0.942     -0.290      0.041      1.000     -0.287      0.040      0.911      0.004      0.000      0.000      0.000      0.084      1.000 255
     0.415      0.190      0.211     -0.352     -0.131      0.274     -0.233      0.041      0.247     -0.231      0.041      0.036      0.000      0.000      0.000      0.000      0.964      6.000 256
     0.812      0.255      1.284      0.555      0.319      0.816     -0.274      0.040      1.000     -0.287      0.040      0.756      0.000      0.000      0.000      0.000      0.244      1.000 257
    -0.838     -0.771      0.698     -0.595     -1.647     -0.142     -0.211      0.030      0.247     -0.231      0.041      0.000      0.000      0.000      0.428      0.000      0.572      6.000 258
     1.200     -0.150     -0.853     -1.398     -0.883      0.431     -0.518      0.100      0.247     -0.231      0.041      0.001      0.000      0.103      0.024      0.000      0.872      6.000 259
     2.109      1.479      1.666      0.525      0.430      1.025     -0.321      0.047      1.000     -0.287      0.040      0.980      0.019      0.000      0.000      0.000      0.001      1.000 260
    -1.580      0.534     -1.696     -0.034     -2.431     -0.657     -0.185      0.016     -0.662     -0.185      0.016      0.000      0.000      0.000      0.994      0.000      0.006      4.000 261
     1.004      0.043      0.305     -0.030     -0.971      0.284     -0.234      0.041      0.247     -0.231      0.041      0.049      0.000      0.000      0.000      0.000      0.951      6.000 262
     1.068      0.010     -0.401      0.311      0.116      0.328     -0.238      0.041      0.247     -0.231      0.041      0.105      0.000      0.000      0.000      0.000      0.894      6.000 263
     0.259      0.073      0.034     -0.818      0.249      0.259     -0.232      0.041      0.247     -0.231      0.041      0.015      0.000      0.000      0.000      0.000      0.985      6.000 264
    -0.091      1.181      0.209      0.879     -0.005      0.487     -0.249      0.040      0.247     -0.231      0.041      0.318      0.000      0.000      0.000      0.000      0.682      6.000 265
     0.190     -0.409      0.452      0.068      1.605      0.376     -0.241      0.041      0.247     -0.231      0.041      0.170      0.000      0.000      0.000      0.000      0.830      6.000 266
     0.486      0.058     -1.136      0.526     -1.041      0.246     -0.231      0.041      0.247     -0.231      0.041      0.003      0.000      0.000      0.004      0.000      0.992      6.000 267
    -0.173      0.215      0.166     -0.659     -0.534      0.249     -0.231      0.041      0.247     -0.231      0.041      0.004      0.000      0.000      0.002      0.000      0.994      6.000 268
    -0.083      0.273      0.641      0.900      0.524      0.453     -0.246      0.040      0.247     -0.231      0.041      0.274      0.000      0.000      0.000      0.000      0.726      6.000 269
    -0.444      0.134     -0.386      1.249      1.524      0.351     -0.239      0.041      0.247     -0.231      0.041      0.137      0.000      0.000      0.000      0.000      0.863      6.000 270
     0.350      0.139     -1.729      0.437     -0.920      0.233     -0.231      0.040      0.247     -0.231      0.041      0.001      0.000      0.000      0.017      0.000      0.982      6.000 271
     0.070      0.635     -2.558      0.504     -0.115      0.244     -0.233      0.041      0.247     -0.231      0.041      0.001      0.000      0.001      0.006      0.000      0.992      6.000 272
    -0.017      1.223      0.860      0.757     -0.009      0.692     -0.264      0.040      1.000     -0.287      0.040      0.591      0.000      0.000      0.000      0.000      0.409      1.000 273
     0.950      0.270     -1.170     -0.002      0.606      0.298     -0.247      0.043      0.247     -0.231      0.041      0.053      0.001      0.004      0.000      0.000      0.942      6.000 274
     0.236      0.735     -0.853     -0.547     -0.799      0.247     -0.231      0.041      0.247     -0.231      0.041      0.004      0.000      0.000      0.004      0.000      0.992      6.000 275
    -0.094      0.643      0.297      0.035     -0.038      0.293     -0.235      0.041      0.247     -0.231      0.041      0.061      0.000      0.000      0.000      0.000      0.939      6.000 276
     0.040     -0.227     -0.338     -0.406      0.026      0.249     -0.231      0.041      0.247     -0.231      0.041      0.004      0.000      0.000      0.001      0.000      0.995      6.000 277
     0.777      0.206     -0.673      0.159     -0.085      0.275     -0.234      0.041      0.247     -0.231      0.041      0.036      0.000      0.000      0.000      0.000      0.963      6.000 278
     0.301      0.417     -0.073      0.264      0.587      0.352     -0.239      0.041      0.247     -0.231      0.041      0.139      0.000      0.000      0.000      0.000      0.861      6.000 279
     0.788     -0.663      0.850     -0.512      0.636      0.320     -0.237      0.041      0.247     -0.231      0.041      0.096      0.000      0.000      0.000      0.000      0.904      6.000 280
     0.117      0.968     -0.600     -0.062      0.117      0.280     -0.234      0.041      0.247     -0.231      0.041      0.044      0.000      0.000      0.000      0.000      0.956      6.000 281
     0.980     -0.755     -0.517      0.143      0.445      0.267     -0.235      0.041      0.247     -0.231      0.041      0.024      0.000      0.001      0.000      0.000      0.975      6.000 282
    -2.205     -2.280     -1.476     -1.921     -1.138     -0.662     -0.185      0.016     -0.662     -0.185      0.016      0.000      0.000      0.000      1.000      0.000      0.000      4.000 283
     0.027      0.098     -0.459     -0.035     -0.345      0.251     -0.231      0.041      0.247     -0.231      0.041      0.005      0.000      0.000      0.001      0.000      0.994      6.000 284
     1.376     -0.008      0.334     -0.646      0.310      0.415     -0.251      0.042      0.247     -0.231      0.041      0.213      0.002      0.001      0.000      0.000      0.783      6.000 285
     1.115      0.360     -0.531     -0.619     -0.380      0.277     -0.243      0.043      0.247     -0.231      0.041      0.030      0.000      0.003      0.000      0.000      0.966      6.000 286
    -0.406      0.454     -0.962      0.145     -0.492      0.245     -0.231      0.041      0.247     -0.231      0.041      0.002      0.000      0.000      0.004      0.000      0.994      6.000 287
     0.168     -0.513     -0.985     -0.750     -0.545      0.168     -0.228      0.039      0.247     -0.231      0.041      0.000      0.000      0.000      0.088      0.000      0.912      6.000 288
    -1.007     -0.531     -1.004     -2.116     -0.876     -0.653     -0.185      0.016     -0.662     -0.185      0.016      0.000      0.000      0.000      0.990      0.000      0.010      4.000 289
    -0.110     -1.069     -0.130      0.245     -0.299      0.244     -0.231      0.041      0.247     -0.231      0.041      0.001      0.000      0.000      0.005      0.000      0.994      6.000 290
    -0.449     -0.220      0.428     -0.617      0.340      0.251     -0.232      0.041      0.247     -0.231      0.041      0.006      0.000      0.000      0.000      0.000      0.994      6.000 291
     0.927      0.390      0.278      0.409      0.161      0.545     -0.254      0.040      0.247     -0.231      0.041      0.394      0.000      0.000      0.000      0.000      0.606      6.000 292
     0.019      1.154     -0.288      0.282     -0.093      0.317     -0.236      0.041      0.247     -0.231      0.041      0.093      0.000      0.000      0.000      0.000      0.907      6.000 293
    -0.015     -0.889     -0.408     -0.325      0.227      0.245     -0.231      0.041      0.247     -0.231      0.041      0.001      0.000      0.000      0.004      0.000      0.995      6.000 294
    -0.032     -0.190     -1.066     -0.540     -0.364      0.219     -0.230      0.040      0.247     -0.231      0.041      0.001      0.000      0.000      0.031      0.000      0.968      6.000 295
     0.397      0.249     -0.789      0.330     -0.085      0.262     -0.232      0.041      0.247     -0.231      0.041      0.019      0.000      0.000      0.000      0.000      0.981      6.000 296
     0.742     -0.116     -0.503     -0.459     -0.275      0.254     -0.233      0.041      0.247     -0.231      0.041      0.009      0.000      0.000      0.001      0.000      0.990      6.000 297
    -0.557     -1.379     -1.104     -2.134     -0.698     -0.658     -0.185      0.016     -0.662     -0.185      0.016      0.000      0.000      0.000      0.995      0.000      0.005      4.000 298
    -0.202     -0.088      0.221      0.091      0.048      0.258     -0.232      0.041      0.247     -0.231      0.041      0.014      0.000      0.000      0.000      0.000      0.986      6.000 299
     0.164      0.199      0.099     -0.273     -0.268      0.260     -0.232      0.041      0.247     -0.231      0.041      0.017      0.000      0.000      0.000      0.000      0.983      6.000 300
     0.712      1.381     -0.772      1.161      0.360      0.713     -0.267      0.040      1.000     -0.287      0.040      0.617      0.001      0.000      0.000      0.000      0.383      1.000 301
     1.108     -0.752     -0.408     -0.007      1.792      0.440     -0.304      0.055      0.247     -0.231      0.041      0.160      0.031      0.002      0.000      0.000      0.807      6.000 302
    -0.050      0.389      0.014      0.524     -0.187      0.278     -0.233      0.041      0.247     -0.231      0.041      0.041      0.000      0.000      0.000      0.000      0.959      6.000 303
     0.704      0.076      0.054     -0.264      0.282      0.304     -0.236      0.041      0.247     -0.231      0.041      0.075      0.000      0.000      0.000      0.000      0.925      6.000 304
     0.356     -0.868     -0.435     -0.863     -0.769      0.168     -0.228      0.039      0.247     -0.231      0.041      0.000      0.000      0.000      0.088      0.000      0.911      6.000 305
     2.609      0.281      0.533     -0.043      0.050      1.335     -0.776      0.152      1.000     -0.287      0.040      0.677      0.259      0.006      0.000      0.000      0.058      1.000 306
    -0.009     -0.335     -0.398     -0.561      0.160      0.248     -0.231      0.041      0.247     -0.231      0.041      0.002      0.000      0.000      0.002      0.000      0.996      6.000 307
    -0.729      0.553      0.605     -0.804     -0.985      0.243     -0.231      0.041      0.247     -0.231      0.041      0.002      0.000      0.000      0.007      0.000      0.991      6.000 308
    -0.198      0.247     -0.267     -0.113      0.453      0.259     -0.232      0.041      0.247     -0.231      0.041      0.016      0.000      0.000      0.000      0.000      0.984      6.000 309
     0.054     -0.763      0.434     -0.219      0.037      0.252     -0.232      0.041      0.247     -0.231      0.041      0.006      0.000      0.000      0.000      0.000      0.993      6.000 310
     0.447      1.107     -0.219      1.500     -0.401      0.575     -0.255      0.040      0.247     -0.231      0.041      0.435      0.000      0.000      0.000      0.000      0.565      6.000 311
    -0.064      0.432     -0.093     -0.327      0.463      0.270     -0.233      0.041      0.247     -0.231      0.041      0.030      0.000      0.000      0.000      0.000      0.970      6.000 312
    -0.412     -0.043     -0.201      0.032      0.127      0.251     -0.231      0.041      0.247     -0.231      0.041      0.005      0.000      0.000      0.000      0.000      0.994      6.000 313
     1.227      0.694     -0.412     -0.823      0.098      0.350     -0.259      0.045      0.247     -0.231      0.041      0.115      0.002      0.007      0.000      0.000      0.877      6.000 314
    -1.017      0.944      0.548      0.259      0.105      0.278     -0.233      0.041      0.247     -0.231      0.041      0.041      0.000      0.000      0.000      0.000      0.959      6.000 315
     0.797      1.190      0.712     -0.228      0.457      0.812     -0.274      0.040      1.000     -0.287      0.040      0.748      0.001      0.000      0.000      0.000      0.251      1.000 316
     0.366      0.174     -0.111     -0.231      0.779      0.301     -0.235      0.041      0.247     -0.231      0.041      0.071      0.000      0.000      0.000      0.000      0.929      6.000 317
     1.875      1.191      1.328     -0.268      0.031      0.992     -0.301      0.043      1.000     -0.287      0.040      0.967      0.008      0.000      0.000      0.000      0.025      1.000 318
    -0.194      0.071     -0.857      0.337     -0.976      0.235     -0.231      0.040      0.247     -0.231      0.041      0.001      0.000      0.000      0.014      0.000      0.985      6.000 319
     0.658      0.536     -0.844      0.257     -0.338      0.272     -0.233      0.041      0.247     -0.231      0.041      0.032      0.000      0.000      0.000      0.000      0.968      6.000 320
    -0.491     -0.516     -0.217     -0.083     -0.158      0.243     -0.231      0.041      0.247     -0.231      0.041      0.001      0.000      0.000      0.006      0.000      0.993      6.000 321
    -0.122     -0.051      0.287     -0.033      0.279      0.265     -0.232      0.041      0.247     -0.231      0.041      0.023      0.000      0.000      0.000      0.000      0.977      6.000 322
     0.296      1.847      0.036      0.697      1.303      0.945     -0.285      0.040      1.000     -0.287      0.040      0.924      0.001      0.000      0.000      0.000      0.075      1.000 323
     0.243      0.248      0.260     -1.239     -0.443      0.251     -0.232      0.041      0.247     -0.231      0.041      0.007      0.000      0.000      0.002      0.000      0.992      6.000 324
    -0.231      1.173      0.529     -0.825     -0.617      0.269     -0.233      0.041      0.247     -0.231      0.041      0.029      0.000      0.000      0.000      0.000      0.971      6.000 325
     0.112      0.211      0.409      0.518      0.281      0.346     -0.239      0.041      0.247     -0.231      0.041      0.131      0.000      0.000      0.000      0.000      0.869      6.000 326
     1.977      0.805      1.087      1.212      0.073      1.003     -0.300      0.043      1.000     -0.287      0.040      0.983      0.007      0.000      0.000      0.000      0.009      1.000 327
     0.732      0.816     -0.343     -0.534      0.809      0.404     -0.246      0.041      0.247     -0.231      0.041      0.204      0.001      0.000      0.000      0.000      0.795      6.000 328
     0.755      0.624      0.392     -0.569      0.427      0.445     -0.246      0.041      0.247     -0.231      0.041      0.262      0.000      0.000      0.000      0.000      0.738      6.000 329
     0.232      1.336      0.998      0.672      0.604      0.912     -0.281      0.040      1.000     -0.287      0.040      0.884      0.000      0.000      0.000      0.000      0.116      1.000 330
     0.099      0.227     -0.285      0.594     -0.408      0.263     -0.232      0.041      0.247     -0.231      0.041      0.021      0.000      0.000      0.000      0.000      0.979      6.000 331
     0.273      0.801      0.561     -0.092      0.692      0.542     -0.253      0.040      0.247     -0.231      0.041      0.392      0.000      0.000      0.000      0.000      0.608      6.000 332
     1.324      0.480      0.128      0.296      0.229      0.675     -0.269      0.041      1.000     -0.287      0.040      0.559      0.003      0.000      0.000      0.000      0.438      1.000 333
     0.202      0.431      0.239      0.142      0.101      0.316     -0.236      0.041      0.247     -0.231      0.041      0.091      0.000      0.000      0.000      0.000      0.909      6.000 334
     2.905      0.488     -1.624     -1.826      1.110      2.232     -3.013      0.623      2.231     -3.018      0.624      0.000      0.006      0.994      0.000      0.000      0.000      3.000 335
     1.189      0.929      0.017      0.797      0.465      0.877     -0.285      0.041      1.000     -0.287      0.040      0.825      0.004      0.000      0.000      0.000      0.171      1.000 336
     0.131     -0.364     -0.676      0.864     -0.740      0.248     -0.231      0.041      0.247     -0.231      0.041      0.004      0.000      0.000      0.002      0.000      0.995      6.000 337
     1.146      0.599      0.288     -0.702      0.878      0.636     -0.276      0.044      0.247     -0.231      0.041      0.490      0.009      0.000      0.000      0.000      0.500      6.000 338
     0.766      0.109     -0.128     -0.046     -0.334      0.277     -0.234      0.041      0.247     -0.231      0.041      0.040      0.000      0.000      0.000      0.000      0.960      6.000 339
     0.373     -0.075      0.035      0.269      0.308      0.291     -0.234      0.041      0.247     -0.231      0.041      0.058      0.000      0.000      0.000      0.000      0.942      6.000 340
    -0.232      0.589     -0.121      1.804      0.071      0.396     -0.242      0.040      0.247     -0.231      0.041      0.197      0.000      0.000      0.000      0.000      0.803      6.000 341
     0.509      0.181      0.063      0.469      0.037      0.329     -0.237      0.041      0.247     -0.231      0.041      0.109      0.000      0.000      0.000      0.000      0.891      6.000 342
    -0.355     -1.116     -0.522      0.025     -1.365     -0.211     -0.208      0.028     -0.662     -0.185      0.016      0.000      0.000      0.000      0.504      0.000      0.496      4.000 343
     2.844      0.343      0.230     -1.201      0.006      2.088     -2.374      0.495      2.231     -3.018      0.624      0.104      0.287      0.572      0.000      0.000      0.037      3.000 344
     0.452      0.467      0.637     -0.995      0.398      0.329     -0.237      0.041      0.247     -0.231      0.041      0.108      0.000      0.000      0.000      0.000      0.892      6.000 345
     0.014     -0.247     -1.159     -0.492     -0.119      0.232     -0.231      0.040      0.247     -0.231      0.041      0.001      0.000      0.000      0.018      0.000      0.982      6.000 346
    -0.640     -0.124      0.252      0.752      0.046      0.257     -0.232      0.041      0.247     -0.231      0.041      0.013      0.000      0.000      0.000      0.000      0.987      6.000 347
     0.063      0.266     -0.521     -0.326      0.108      0.254     -0.232      0.041      0.247     -0.231      0.041      0.009      0.000      0.000      0.000      0.000      0.991      6.000 348
     0.361      0.681     -0.132      0.862     -0.023      0.399     -0.242      0.040      0.247     -0.231      0.041      0.201      0.000      0.000      0.000      0.000      0.799      6.000 349
     1.205      0.653      1.381      0.527     -0.366      0.898     -0.280      0.040      1.000     -0.287      0.040      0.865      0.000      0.000      0.000      0.000      0.135      1.000 350
    -0.209     -0.861     -0.058     -1.083     -0.083      0.219     -0.230      0.040      0.247     -0.231      0.041      0.000      0.000      0.000      0.031      0.000      0.968      6.000 351
     1.157     -0.933      0.063      0.205      0.156      0.283     -0.235      0.041      0.247     -0.231      0.041      0.046      0.000      0.000      0.000      0.000      0.954      6.000 352
     2.075      0.589      0.264      0.883      0.549      1.128     -0.479      0.084      1.000     -0.287      0.040      0.865      0.105      0.000      0.000      0.000      0.030      1.000 353
     0.826      0.761      0.609      0.512      0.010      0.719     -0.266      0.040      1.000     -0.287      0.040      0.627      0.000      0.000      0.000      0.000      0.373      1.000 354
     0.257      0.007      0.075     -0.115      0.899      0.306     -0.236      0.041      0.247     -0.231      0.041      0.077      0.000      0.000      0.000      0.000      0.923      6.000 355
     2.169      0.634      0.505     -0.271      0.428      1.168     -0.568      0.105      1.000     -0.287      0.040      0.775      0.153      0.001      0.000      0.000      0.070      1.000 356
     1.088     -0.057      0.859     -0.382      0.267      0.475     -0.249      0.041      0.247     -0.231      0.041      0.301      0.000      0.000      0.000      0.000      0.699      6.000 357
     0.113      0.627     -0.399      0.361      1.467      0.446     -0.247      0.041      0.247     -0.231      0.041      0.263      0.000      0.000      0.000      0.000      0.737      6.000 358
     0.738      1.532      0.163      0.515      0.713      0.912     -0.283      0.040      1.000     -0.287      0.040      0.879      0.001      0.000      0.000      0.000      0.120      1.000 359
     0.099      0.139      0.630      0.322      0.760      0.410     -0.243      0.040      0.247     -0.231      0.041      0.216      0.000      0.000      0.000      0.000      0.784      6.000 360
     0.040      0.900      0.040     -0.573      0.871      0.342     -0.238      0.041      0.247     -0.231      0.041      0.125      0.000      0.000      0.000      0.000      0.875      6.000 361
